-15.000000	0.000000000
-14.990000	0.000000047
-14.980000	0.000000012
-14.970000	0.000000012
-14.960000	0.000000023
-14.950000	0.000000035
-14.940000	0.000000023
-14.930000	0.000000023
-14.920000	0.000000035
-14.910000	0.000000012
-14.900000	0.000000058
-14.890000	0.000000012
-14.880000	0.000000000
-14.870000	0.000000012
-14.860000	0.000000012
-14.850000	0.000000023
-14.840000	0.000000035
-14.830000	0.000000012
-14.820000	0.000000023
-14.810000	0.000000047
-14.800000	0.000000000
-14.790000	0.000000012
-14.780000	0.000000012
-14.770000	0.000000000
-14.760000	0.000000012
-14.750000	0.000000082
-14.740000	0.000000023
-14.730000	0.000000023
-14.720000	0.000000023
-14.710000	0.000000035
-14.700000	0.000000035
-14.690000	0.000000012
-14.680000	0.000000000
-14.670000	0.000000012
-14.660000	0.000000000
-14.650000	0.000000000
-14.640000	0.000000012
-14.630000	0.000000047
-14.620000	0.000000012
-14.610000	0.000000023
-14.600000	0.000000023
-14.590000	0.000000023
-14.580000	0.000000012
-14.570000	0.000000035
-14.560000	0.000000000
-14.550000	0.000000023
-14.540000	0.000000012
-14.530000	0.000000058
-14.520000	0.000000012
-14.510000	0.000000070
-14.500000	0.000000035
-14.490000	0.000000012
-14.480000	0.000000000
-14.470000	0.000000023
-14.460000	0.000000023
-14.450000	0.000000023
-14.440000	0.000000035
-14.430000	0.000000047
-14.420000	0.000000047
-14.410000	0.000000023
-14.400000	0.000000058
-14.390000	0.000000023
-14.380000	0.000000012
-14.370000	0.000000012
-14.360000	0.000000047
-14.350000	0.000000047
-14.340000	0.000000023
-14.330000	0.000000023
-14.320000	0.000000023
-14.310000	0.000000023
-14.300000	0.000000047
-14.290000	0.000000035
-14.280000	0.000000047
-14.270000	0.000000023
-14.260000	0.000000012
-14.250000	0.000000047
-14.240000	0.000000012
-14.230000	0.000000023
-14.220000	0.000000035
-14.210000	0.000000023
-14.200000	0.000000035
-14.190000	0.000000070
-14.180000	0.000000035
-14.170000	0.000000047
-14.160000	0.000000047
-14.150000	0.000000035
-14.140000	0.000000000
-14.130000	0.000000035
-14.120000	0.000000012
-14.110000	0.000000012
-14.100000	0.000000070
-14.090000	0.000000035
-14.080000	0.000000047
-14.070000	0.000000023
-14.060000	0.000000023
-14.050000	0.000000047
-14.040000	0.000000058
-14.030000	0.000000047
-14.020000	0.000000023
-14.010000	0.000000082
-14.000000	0.000000035
-13.990000	0.000000047
-13.980000	0.000000047
-13.970000	0.000000047
-13.960000	0.000000012
-13.950000	0.000000070
-13.940000	0.000000023
-13.930000	0.000000035
-13.920000	0.000000047
-13.910000	0.000000035
-13.900000	0.000000058
-13.890000	0.000000023
-13.880000	0.000000058
-13.870000	0.000000047
-13.860000	0.000000023
-13.850000	0.000000058
-13.840000	0.000000047
-13.830000	0.000000047
-13.820000	0.000000070
-13.810000	0.000000047
-13.800000	0.000000082
-13.790000	0.000000058
-13.780000	0.000000035
-13.770000	0.000000023
-13.760000	0.000000047
-13.750000	0.000000047
-13.740000	0.000000082
-13.730000	0.000000035
-13.720000	0.000000082
-13.710000	0.000000035
-13.700000	0.000000012
-13.690000	0.000000082
-13.680000	0.000000023
-13.670000	0.000000047
-13.660000	0.000000035
-13.650000	0.000000094
-13.640000	0.000000035
-13.630000	0.000000035
-13.620000	0.000000070
-13.610000	0.000000058
-13.600000	0.000000023
-13.590000	0.000000070
-13.580000	0.000000094
-13.570000	0.000000070
-13.560000	0.000000105
-13.550000	0.000000023
-13.540000	0.000000094
-13.530000	0.000000047
-13.520000	0.000000000
-13.510000	0.000000082
-13.500000	0.000000047
-13.490000	0.000000070
-13.480000	0.000000047
-13.470000	0.000000094
-13.460000	0.000000082
-13.450000	0.000000058
-13.440000	0.000000105
-13.430000	0.000000105
-13.420000	0.000000082
-13.410000	0.000000058
-13.400000	0.000000047
-13.390000	0.000000117
-13.380000	0.000000105
-13.370000	0.000000035
-13.360000	0.000000140
-13.350000	0.000000140
-13.340000	0.000000105
-13.330000	0.000000094
-13.320000	0.000000058
-13.310000	0.000000105
-13.300000	0.000000047
-13.290000	0.000000094
-13.280000	0.000000105
-13.270000	0.000000082
-13.260000	0.000000047
-13.250000	0.000000117
-13.240000	0.000000047
-13.230000	0.000000105
-13.220000	0.000000082
-13.210000	0.000000152
-13.200000	0.000000058
-13.190000	0.000000105
-13.180000	0.000000094
-13.170000	0.000000082
-13.160000	0.000000129
-13.150000	0.000000094
-13.140000	0.000000082
-13.130000	0.000000070
-13.120000	0.000000117
-13.110000	0.000000117
-13.100000	0.000000152
-13.090000	0.000000082
-13.080000	0.000000094
-13.070000	0.000000105
-13.060000	0.000000105
-13.050000	0.000000070
-13.040000	0.000000152
-13.030000	0.000000105
-13.020000	0.000000082
-13.010000	0.000000105
-13.000000	0.000000058
-12.990000	0.000000094
-12.980000	0.000000047
-12.970000	0.000000140
-12.960000	0.000000140
-12.950000	0.000000152
-12.940000	0.000000117
-12.930000	0.000000117
-12.920000	0.000000129
-12.910000	0.000000117
-12.900000	0.000000070
-12.890000	0.000000152
-12.880000	0.000000129
-12.870000	0.000000094
-12.860000	0.000000094
-12.850000	0.000000140
-12.840000	0.000000152
-12.830000	0.000000117
-12.820000	0.000000117
-12.810000	0.000000140
-12.800000	0.000000211
-12.790000	0.000000140
-12.780000	0.000000187
-12.770000	0.000000140
-12.760000	0.000000152
-12.750000	0.000000140
-12.740000	0.000000187
-12.730000	0.000000152
-12.720000	0.000000234
-12.710000	0.000000152
-12.700000	0.000000164
-12.690000	0.000000175
-12.680000	0.000000152
-12.670000	0.000000105
-12.660000	0.000000175
-12.650000	0.000000140
-12.640000	0.000000117
-12.630000	0.000000187
-12.620000	0.000000152
-12.610000	0.000000187
-12.600000	0.000000164
-12.590000	0.000000187
-12.580000	0.000000129
-12.570000	0.000000187
-12.560000	0.000000152
-12.550000	0.000000164
-12.540000	0.000000105
-12.530000	0.000000187
-12.520000	0.000000175
-12.510000	0.000000129
-12.500000	0.000000164
-12.490000	0.000000164
-12.480000	0.000000199
-12.470000	0.000000129
-12.460000	0.000000222
-12.450000	0.000000234
-12.440000	0.000000129
-12.430000	0.000000199
-12.420000	0.000000175
-12.410000	0.000000140
-12.400000	0.000000152
-12.390000	0.000000211
-12.380000	0.000000175
-12.370000	0.000000222
-12.360000	0.000000199
-12.350000	0.000000199
-12.340000	0.000000211
-12.330000	0.000000246
-12.320000	0.000000199
-12.310000	0.000000234
-12.300000	0.000000175
-12.290000	0.000000246
-12.280000	0.000000246
-12.270000	0.000000152
-12.260000	0.000000374
-12.250000	0.000000234
-12.240000	0.000000257
-12.230000	0.000000222
-12.220000	0.000000281
-12.210000	0.000000129
-12.200000	0.000000199
-12.190000	0.000000257
-12.180000	0.000000257
-12.170000	0.000000304
-12.160000	0.000000199
-12.150000	0.000000234
-12.140000	0.000000199
-12.130000	0.000000269
-12.120000	0.000000316
-12.110000	0.000000187
-12.100000	0.000000211
-12.090000	0.000000363
-12.080000	0.000000409
-12.070000	0.000000234
-12.060000	0.000000211
-12.050000	0.000000351
-12.040000	0.000000164
-12.030000	0.000000328
-12.020000	0.000000269
-12.010000	0.000000281
-12.000000	0.000000292
-11.990000	0.000000281
-11.980000	0.000000328
-11.970000	0.000000234
-11.960000	0.000000328
-11.950000	0.000000328
-11.940000	0.000000246
-11.930000	0.000000269
-11.920000	0.000000339
-11.910000	0.000000409
-11.900000	0.000000246
-11.890000	0.000000374
-11.880000	0.000000386
-11.870000	0.000000316
-11.860000	0.000000257
-11.850000	0.000000363
-11.840000	0.000000222
-11.830000	0.000000386
-11.820000	0.000000339
-11.810000	0.000000328
-11.800000	0.000000363
-11.790000	0.000000281
-11.780000	0.000000409
-11.770000	0.000000328
-11.760000	0.000000491
-11.750000	0.000000328
-11.740000	0.000000328
-11.730000	0.000000316
-11.720000	0.000000363
-11.710000	0.000000398
-11.700000	0.000000304
-11.690000	0.000000386
-11.680000	0.000000433
-11.670000	0.000000445
-11.660000	0.000000398
-11.650000	0.000000351
-11.640000	0.000000374
-11.630000	0.000000398
-11.620000	0.000000515
-11.610000	0.000000421
-11.600000	0.000000503
-11.590000	0.000000433
-11.580000	0.000000468
-11.570000	0.000000550
-11.560000	0.000000433
-11.550000	0.000000480
-11.540000	0.000000503
-11.530000	0.000000468
-11.520000	0.000000491
-11.510000	0.000000398
-11.500000	0.000000491
-11.490000	0.000000398
-11.480000	0.000000421
-11.470000	0.000000409
-11.460000	0.000000480
-11.450000	0.000000445
-11.440000	0.000000468
-11.430000	0.000000480
-11.420000	0.000000515
-11.410000	0.000000632
-11.400000	0.000000538
-11.390000	0.000000456
-11.380000	0.000000550
-11.370000	0.000000550
-11.360000	0.000000526
-11.350000	0.000000597
-11.340000	0.000000503
-11.330000	0.000000491
-11.320000	0.000000538
-11.310000	0.000000515
-11.300000	0.000000503
-11.290000	0.000000445
-11.280000	0.000000608
-11.270000	0.000000702
-11.260000	0.000000550
-11.250000	0.000000737
-11.240000	0.000000643
-11.230000	0.000000515
-11.220000	0.000000562
-11.210000	0.000000643
-11.200000	0.000000573
-11.190000	0.000000807
-11.180000	0.000000749
-11.170000	0.000000562
-11.160000	0.000000608
-11.150000	0.000000573
-11.140000	0.000000714
-11.130000	0.000000620
-11.120000	0.000000819
-11.110000	0.000000796
-11.100000	0.000000585
-11.090000	0.000000620
-11.080000	0.000000714
-11.070000	0.000000760
-11.060000	0.000000725
-11.050000	0.000000667
-11.040000	0.000000667
-11.030000	0.000000807
-11.020000	0.000000632
-11.010000	0.000000679
-11.000000	0.000000784
-10.990000	0.000000725
-10.980000	0.000000538
-10.970000	0.000000854
-10.960000	0.000000725
-10.950000	0.000000725
-10.940000	0.000000854
-10.930000	0.000000749
-10.920000	0.000001006
-10.910000	0.000000760
-10.900000	0.000000842
-10.890000	0.000000819
-10.880000	0.000000854
-10.870000	0.000000796
-10.860000	0.000000948
-10.850000	0.000001100
-10.840000	0.000001029
-10.830000	0.000000901
-10.820000	0.000000831
-10.810000	0.000000842
-10.800000	0.000000901
-10.790000	0.000000936
-10.780000	0.000000948
-10.770000	0.000001041
-10.760000	0.000000784
-10.750000	0.000000866
-10.740000	0.000000994
-10.730000	0.000001018
-10.720000	0.000001029
-10.710000	0.000000959
-10.700000	0.000000971
-10.690000	0.000000936
-10.680000	0.000001100
-10.670000	0.000000819
-10.660000	0.000001146
-10.650000	0.000001041
-10.640000	0.000001252
-10.630000	0.000001111
-10.620000	0.000001182
-10.610000	0.000001135
-10.600000	0.000001146
-10.590000	0.000001310
-10.580000	0.000001088
-10.570000	0.000001217
-10.560000	0.000000948
-10.550000	0.000001275
-10.540000	0.000001439
-10.530000	0.000001369
-10.520000	0.000001380
-10.510000	0.000001287
-10.500000	0.000001158
-10.490000	0.000001170
-10.480000	0.000001240
-10.470000	0.000001416
-10.460000	0.000001310
-10.450000	0.000001345
-10.440000	0.000001287
-10.430000	0.000001439
-10.420000	0.000001439
-10.410000	0.000001533
-10.400000	0.000001322
-10.390000	0.000001509
-10.380000	0.000001509
-10.370000	0.000001638
-10.360000	0.000001427
-10.350000	0.000001287
-10.340000	0.000001685
-10.330000	0.000001521
-10.320000	0.000001451
-10.310000	0.000001521
-10.300000	0.000001790
-10.290000	0.000001685
-10.280000	0.000001544
-10.270000	0.000001462
-10.260000	0.000001696
-10.250000	0.000001673
-10.240000	0.000001626
-10.230000	0.000001556
-10.220000	0.000001638
-10.210000	0.000001813
-10.200000	0.000002012
-10.190000	0.000001907
-10.180000	0.000002117
-10.170000	0.000002036
-10.160000	0.000001778
-10.150000	0.000001614
-10.140000	0.000001848
-10.130000	0.000001673
-10.120000	0.000001802
-10.110000	0.000001883
-10.100000	0.000001930
-10.090000	0.000002199
-10.080000	0.000001907
-10.070000	0.000001883
-10.060000	0.000001813
-10.050000	0.000001766
-10.040000	0.000002047
-10.030000	0.000001790
-10.020000	0.000002199
-10.010000	0.000002188
-10.000000	0.000002363
-9.990000	0.000001989
-9.980000	0.000002258
-9.970000	0.000002153
-9.960000	0.000002176
-9.950000	0.000001954
-9.940000	0.000002223
-9.930000	0.000002691
-9.920000	0.000002281
-9.910000	0.000002667
-9.900000	0.000002305
-9.890000	0.000002539
-9.880000	0.000002410
-9.870000	0.000002246
-9.860000	0.000002632
-9.850000	0.000002328
-9.840000	0.000002737
-9.830000	0.000002270
-9.820000	0.000002819
-9.810000	0.000002784
-9.800000	0.000002667
-9.790000	0.000002223
-9.780000	0.000002281
-9.770000	0.000002620
-9.760000	0.000003077
-9.750000	0.000002597
-9.740000	0.000002843
-9.730000	0.000002983
-9.720000	0.000002761
-9.710000	0.000002562
-9.700000	0.000002971
-9.690000	0.000003147
-9.680000	0.000002995
-9.670000	0.000003182
-9.660000	0.000003252
-9.650000	0.000003346
-9.640000	0.000003346
-9.630000	0.000003299
-9.620000	0.000002983
-9.610000	0.000003322
-9.600000	0.000003217
-9.590000	0.000003264
-9.580000	0.000003685
-9.570000	0.000003463
-9.560000	0.000003475
-9.550000	0.000003252
-9.540000	0.000003007
-9.530000	0.000003849
-9.520000	0.000003662
-9.510000	0.000003814
-9.500000	0.000003393
-9.490000	0.000004013
-9.480000	0.000003837
-9.470000	0.000003627
-9.460000	0.000003755
-9.450000	0.000003650
-9.440000	0.000003790
-9.430000	0.000004024
-9.420000	0.000003837
-9.410000	0.000003849
-9.400000	0.000003942
-9.390000	0.000004013
-9.380000	0.000004247
-9.370000	0.000004375
-9.360000	0.000004656
-9.350000	0.000004036
-9.340000	0.000004457
-9.330000	0.000004481
-9.320000	0.000005171
-9.310000	0.000004878
-9.300000	0.000004574
-9.290000	0.000004621
-9.280000	0.000004855
-9.270000	0.000004820
-9.260000	0.000004761
-9.250000	0.000004984
-9.240000	0.000004890
-9.230000	0.000005803
-9.220000	0.000005159
-9.210000	0.000005124
-9.200000	0.000005218
-9.190000	0.000004972
-9.180000	0.000004949
-9.170000	0.000005756
-9.160000	0.000005931
-9.150000	0.000005990
-9.140000	0.000005112
-9.130000	0.000005604
-9.120000	0.000005323
-9.110000	0.000005697
-9.100000	0.000005498
-9.090000	0.000005908
-9.080000	0.000005767
-9.070000	0.000005943
-9.060000	0.000006142
-9.050000	0.000005721
-9.040000	0.000006575
-9.030000	0.000006329
-9.020000	0.000006037
-9.010000	0.000005639
-9.000000	0.000006189
-8.990000	0.000006165
-8.980000	0.000006270
-8.970000	0.000006996
-8.960000	0.000006820
-8.950000	0.000006504
-8.940000	0.000006891
-8.930000	0.000007358
-8.920000	0.000007230
-8.910000	0.000007101
-8.900000	0.000007066
-8.890000	0.000007370
-8.880000	0.000007323
-8.870000	0.000007674
-8.860000	0.000007534
-8.850000	0.000007581
-8.840000	0.000007628
-8.830000	0.000007885
-8.820000	0.000008119
-8.810000	0.000007253
-8.800000	0.000007534
-8.790000	0.000008025
-8.780000	0.000008095
-8.770000	0.000007838
-8.760000	0.000008821
-8.750000	0.000008236
-8.740000	0.000008610
-8.730000	0.000008376
-8.720000	0.000008985
-8.710000	0.000008903
-8.700000	0.000008622
-8.690000	0.000009312
-8.680000	0.000009055
-8.670000	0.000009300
-8.660000	0.000009569
-8.650000	0.000008868
-8.640000	0.000009347
-8.630000	0.000009874
-8.620000	0.000010002
-8.610000	0.000009488
-8.600000	0.000010318
-8.590000	0.000009979
-8.580000	0.000010365
-8.570000	0.000010108
-8.560000	0.000009839
-8.550000	0.000009827
-8.540000	0.000010529
-8.530000	0.000010529
-8.520000	0.000010295
-8.510000	0.000010751
-8.500000	0.000010833
-8.490000	0.000010763
-8.480000	0.000011219
-8.470000	0.000011172
-8.460000	0.000011523
-8.450000	0.000012167
-8.440000	0.000011453
-8.430000	0.000012073
-8.420000	0.000011605
-8.410000	0.000012178
-8.400000	0.000011593
-8.390000	0.000012096
-8.380000	0.000012494
-8.370000	0.000012248
-8.360000	0.000012962
-8.350000	0.000012670
-8.340000	0.000012529
-8.330000	0.000013067
-8.320000	0.000012986
-8.310000	0.000013886
-8.300000	0.000014190
-8.290000	0.000014272
-8.280000	0.000013372
-8.270000	0.000013465
-8.260000	0.000013582
-8.250000	0.000014565
-8.240000	0.000014682
-8.230000	0.000014132
-8.220000	0.000015021
-8.210000	0.000015220
-8.200000	0.000015442
-8.190000	0.000015758
-8.180000	0.000015711
-8.170000	0.000015302
-8.160000	0.000015945
-8.150000	0.000016577
-8.140000	0.000016764
-8.130000	0.000016893
-8.120000	0.000016320
-8.110000	0.000016378
-8.100000	0.000017454
-8.090000	0.000017887
-8.080000	0.000017723
-8.070000	0.000017852
-8.060000	0.000018531
-8.050000	0.000018554
-8.040000	0.000017209
-8.030000	0.000019104
-8.020000	0.000018121
-8.010000	0.000019127
-8.000000	0.000019431
-7.990000	0.000019244
-7.980000	0.000019607
-7.970000	0.000020239
-7.960000	0.000020051
-7.950000	0.000019923
-7.940000	0.000020578
-7.930000	0.000021093
-7.920000	0.000020812
-7.910000	0.000022029
-7.900000	0.000021970
-7.890000	0.000021853
-7.880000	0.000023257
-7.870000	0.000022730
-7.860000	0.000022555
-7.850000	0.000023280
-7.840000	0.000023175
-7.830000	0.000022590
-7.820000	0.000023456
-7.810000	0.000023070
-7.800000	0.000023643
-7.790000	0.000025491
-7.780000	0.000024602
-7.770000	0.000025269
-7.760000	0.000025760
-7.750000	0.000026322
-7.740000	0.000025199
-7.730000	0.000025842
-7.720000	0.000026533
-7.710000	0.000027597
-7.700000	0.000027878
-7.690000	0.000027281
-7.680000	0.000028147
-7.670000	0.000028112
-7.660000	0.000027632
-7.650000	0.000029726
-7.640000	0.000028592
-7.630000	0.000027866
-7.620000	0.000029796
-7.610000	0.000031001
-7.600000	0.000030686
-7.590000	0.000030288
-7.580000	0.000030417
-7.570000	0.000032522
-7.560000	0.000031352
-7.550000	0.000033107
-7.540000	0.000031891
-7.530000	0.000033716
-7.520000	0.000033599
-7.510000	0.000034534
-7.500000	0.000034546
-7.490000	0.000034336
-7.480000	0.000034254
-7.470000	0.000035587
-7.460000	0.000035704
-7.450000	0.000035657
-7.440000	0.000036254
-7.430000	0.000037939
-7.420000	0.000036851
-7.410000	0.000038851
-7.400000	0.000039366
-7.390000	0.000039050
-7.380000	0.000038769
-7.370000	0.000040711
-7.360000	0.000039495
-7.350000	0.000041437
-7.340000	0.000041226
-7.330000	0.000041308
-7.320000	0.000041437
-7.310000	0.000043952
-7.300000	0.000042887
-7.290000	0.000043659
-7.280000	0.000044244
-7.270000	0.000044151
-7.260000	0.000045882
-7.250000	0.000046034
-7.240000	0.000044829
-7.230000	0.000048514
-7.220000	0.000046549
-7.210000	0.000048081
-7.200000	0.000049228
-7.190000	0.000048737
-7.180000	0.000050714
-7.170000	0.000050129
-7.160000	0.000050854
-7.150000	0.000051462
-7.140000	0.000052305
-7.130000	0.000053135
-7.120000	0.000052878
-7.110000	0.000054972
-7.100000	0.000055183
-7.090000	0.000055791
-7.080000	0.000055171
-7.070000	0.000054001
-7.060000	0.000056984
-7.050000	0.000058669
-7.040000	0.000060459
-7.030000	0.000059745
-7.020000	0.000061348
-7.010000	0.000062915
-7.000000	0.000060751
-6.990000	0.000064846
-6.980000	0.000063430
-6.970000	0.000064483
-6.960000	0.000065068
-6.950000	0.000066308
-6.940000	0.000067162
-6.930000	0.000066940
-6.920000	0.000067536
-6.910000	0.000070005
-6.900000	0.000068589
-6.890000	0.000070964
-6.880000	0.000070672
-6.870000	0.000072719
-6.860000	0.000072789
-6.850000	0.000073935
-6.840000	0.000074766
-6.830000	0.000075445
-6.820000	0.000077667
-6.810000	0.000077527
-6.800000	0.000078463
-6.790000	0.000078673
-6.780000	0.000078299
-6.770000	0.000081306
-6.760000	0.000082862
-6.750000	0.000084581
-6.740000	0.000083411
-6.730000	0.000086722
-6.720000	0.000086734
-6.710000	0.000087330
-6.700000	0.000088278
-6.690000	0.000088723
-6.680000	0.000091133
-6.670000	0.000090068
-6.660000	0.000092010
-6.650000	0.000093414
-6.640000	0.000096502
-6.630000	0.000093110
-6.620000	0.000097497
-6.610000	0.000098011
-6.600000	0.000102176
-6.590000	0.000102129
-6.580000	0.000101193
-6.570000	0.000102936
-6.560000	0.000104574
-6.550000	0.000107616
-6.540000	0.000107628
-6.530000	0.000107230
-6.520000	0.000110564
-6.510000	0.000112600
-6.500000	0.000110342
-6.490000	0.000112997
-6.480000	0.000114799
-6.470000	0.000117922
-6.460000	0.000118180
-6.450000	0.000120356
-6.440000	0.000120098
-6.430000	0.000123690
-6.420000	0.000123339
-6.410000	0.000125421
-6.400000	0.000129375
-6.390000	0.000126965
-6.380000	0.000129352
-6.370000	0.000131259
-6.360000	0.000132148
-6.350000	0.000135845
-6.340000	0.000135389
-6.330000	0.000138968
-6.320000	0.000140243
-6.310000	0.000143262
-6.300000	0.000145426
-6.290000	0.000147228
-6.280000	0.000147122
-6.270000	0.000148643
-6.260000	0.000154609
-6.250000	0.000152457
-6.240000	0.000155393
-6.230000	0.000154270
-6.220000	0.000158645
-6.210000	0.000160002
-6.200000	0.000160915
-6.190000	0.000164191
-6.180000	0.000166835
-6.170000	0.000168660
-6.160000	0.000171537
-6.150000	0.000173982
-6.140000	0.000175924
-6.130000	0.000179984
-6.120000	0.000179340
-6.110000	0.000182230
-6.100000	0.000184815
-6.090000	0.000186640
-6.080000	0.000188758
-6.070000	0.000191016
-6.060000	0.000191835
-6.050000	0.000195344
-6.040000	0.000200129
-6.030000	0.000200655
-6.020000	0.000202317
-6.010000	0.000208762
-6.000000	0.000208856
-5.990000	0.000213044
-5.980000	0.000212494
-5.970000	0.000216554
-5.960000	0.000217186
-5.950000	0.000220321
-5.940000	0.000224907
-5.930000	0.000226041
-5.920000	0.000228966
-5.910000	0.000232710
-5.900000	0.000237506
-5.890000	0.000238559
-5.880000	0.000245227
-5.870000	0.000245157
-5.860000	0.000246690
-5.850000	0.000253112
-5.840000	0.000256329
-5.830000	0.000259242
-5.820000	0.000262880
-5.810000	0.000266413
-5.800000	0.000269701
-5.790000	0.000269408
-5.780000	0.000278182
-5.770000	0.000278627
-5.760000	0.000281201
-5.750000	0.000283938
-5.740000	0.000289249
-5.730000	0.000290021
-5.720000	0.000294326
-5.710000	0.000299567
-5.700000	0.000304376
-5.690000	0.000308517
-5.680000	0.000313793
-5.670000	0.000317115
-5.660000	0.000322637
-5.650000	0.000321432
-5.640000	0.000327129
-5.630000	0.000332663
-5.620000	0.000338267
-5.610000	0.000337214
-5.600000	0.000343847
-5.590000	0.000349883
-5.580000	0.000358435
-5.570000	0.000361559
-5.560000	0.000365314
-5.550000	0.000365665
-5.540000	0.000373585
-5.530000	0.000376123
-5.520000	0.000379738
-5.510000	0.000385670
-5.500000	0.000390162
-5.490000	0.000393613
-5.480000	0.000400515
-5.470000	0.000408271
-5.460000	0.000411371
-5.450000	0.000417595
-5.440000	0.000420602
-5.430000	0.000429060
-5.420000	0.000434465
-5.410000	0.000439004
-5.400000	0.000446655
-5.390000	0.000456517
-5.380000	0.000456365
-5.370000	0.000555628
-5.360000	0.000473082
-5.350000	0.000475854
-5.340000	0.000480815
-5.330000	0.000486184
-5.320000	0.000490501
-5.310000	0.000498164
-5.300000	0.000504551
-5.290000	0.000513817
-5.280000	0.000518976
-5.270000	0.000524310
-5.260000	0.000536079
-5.250000	0.000536489
-5.240000	0.000544233
-5.230000	0.000552001
-5.220000	0.000564577
-5.210000	0.000572310
-5.200000	0.000580768
-5.190000	0.000589097
-5.180000	0.000592104
-5.170000	0.000595520
-5.160000	0.000603171
-5.150000	0.000617174
-5.140000	0.000622521
-5.130000	0.000631213
-5.120000	0.000635108
-5.110000	0.000650562
-5.100000	0.000652914
-5.090000	0.000664144
-5.080000	0.000668180
-5.070000	0.000679399
-5.060000	0.000787975
-5.050000	0.000699521
-5.040000	0.000707429
-5.030000	0.000717373
-5.020000	0.000723807
-5.010000	0.000740747
-5.000000	0.000736922
-4.990000	0.000755944
-4.980000	0.000769163
-4.970000	0.000774439
-4.960000	0.000788314
-4.950000	0.000797427
-4.940000	0.000805920
-4.930000	0.000817420
-4.920000	0.000828429
-4.910000	0.000843379
-4.900000	0.000855698
-4.890000	0.000858447
-4.880000	0.000868836
-4.870000	0.000885155
-4.860000	0.000895707
-4.850000	0.000907523
-4.840000	0.000920181
-4.830000	0.000934606
-4.820000	0.000937612
-4.810000	0.000949170
-4.800000	0.000973281
-4.790000	0.000977855
-4.780000	0.000995696
-4.770000	0.001007804
-4.760000	0.001015315
-4.750000	0.001035027
-4.740000	0.001056412
-4.730000	0.001064753
-4.720000	0.001082980
-4.710000	0.001097767
-4.700000	0.001100797
-4.690000	0.001124042
-4.680000	0.001132406
-4.670000	0.001142877
-4.660000	0.001167315
-4.650000	0.001187718
-4.640000	0.001201569
-4.630000	0.001214788
-4.620000	0.001225165
-4.610000	0.001239203
-4.600000	0.001258670
-4.590000	0.001278464
-4.580000	0.001293298
-4.570000	0.001315057
-4.560000	0.001333202
-4.550000	0.001345755
-4.540000	0.001369690
-4.530000	0.001380079
-4.520000	0.001403862
-4.510000	0.001434898
-4.500000	0.001439285
-4.490000	0.001457711
-4.480000	0.001482149
-4.470000	0.001498434
-4.460000	0.001523761
-4.450000	0.001545310
-4.440000	0.001564777
-4.430000	0.001580757
-4.420000	0.001601827
-4.410000	0.001617526
-4.400000	0.001647919
-4.390000	0.001673703
-4.380000	0.001691169
-4.370000	0.001713794
-4.360000	0.001746071
-4.350000	0.001761829
-4.340000	0.001786326
-4.330000	0.001814999
-4.320000	0.001843451
-4.310000	0.001861385
-4.300000	0.001887332
-4.290000	0.001912285
-4.280000	0.001932267
-4.270000	0.001954611
-4.260000	0.001994972
-4.250000	0.002009174
-4.240000	0.002039403
-4.230000	0.002164824
-4.220000	0.002098821
-4.210000	0.002125259
-4.200000	0.002149815
-4.190000	0.002184034
-4.180000	0.002209244
-4.170000	0.002242609
-4.160000	0.002279635
-4.150000	0.002301371
-4.140000	0.002344586
-4.130000	0.002359279
-4.120000	0.002409256
-4.110000	0.002436584
-4.100000	0.002467118
-4.090000	0.002497791
-4.080000	0.002525014
-4.070000	0.002577904
-4.060000	0.002599441
-4.050000	0.002652260
-4.040000	0.002678536
-4.030000	0.002710567
-4.020000	0.002745300
-4.010000	0.002784116
-4.000000	0.002830255
-3.990000	0.002869516
-3.980000	0.002904144
-3.970000	0.002942504
-3.960000	0.002988480
-3.950000	0.003028068
-3.940000	0.003074383
-3.930000	0.003091826
-3.920000	0.003138761
-3.910000	0.003190948
-3.900000	0.003223319
-3.890000	0.003276091
-3.880000	0.003323950
-3.870000	0.003376103
-3.860000	0.003409877
-3.850000	0.003471821
-3.840000	0.003498904
-3.830000	0.003556917
-3.820000	0.003611082
-3.810000	0.003648401
-3.800000	0.003715235
-3.790000	0.003764124
-3.780000	0.003811445
-3.770000	0.003869131
-3.760000	0.003914206
-3.750000	0.003981321
-3.740000	0.004029028
-3.730000	0.004092517
-3.720000	0.004139873
-3.710000	0.004199641
-3.700000	0.004266090
-3.690000	0.004314768
-3.680000	0.004371378
-3.670000	0.004429111
-3.660000	0.004496237
-3.650000	0.004559972
-3.640000	0.004617096
-3.630000	0.004683884
-3.620000	0.004762838
-3.610000	0.004815459
-3.600000	0.004890038
-3.590000	0.004949514
-3.580000	0.005017401
-3.570000	0.005090681
-3.560000	0.005164441
-3.550000	0.005236212
-3.540000	0.005290904
-3.530000	0.005380901
-3.520000	0.005442729
-3.510000	0.005520841
-3.500000	0.005603866
-3.490000	0.005670853
-3.480000	0.005738833
-3.470000	0.005843396
-3.460000	0.006022151
-3.450000	0.006008055
-3.440000	0.006088214
-3.430000	0.006170853
-3.420000	0.006262395
-3.410000	0.006360828
-3.400000	0.006447772
-3.390000	0.006611682
-3.380000	0.006608500
-3.370000	0.006719134
-3.360000	0.006799679
-3.350000	0.006890426
-3.340000	0.007004955
-3.330000	0.007096287
-3.320000	0.007188952
-3.310000	0.007288870
-3.300000	0.007399083
-3.290000	0.007491128
-3.280000	0.007592345
-3.270000	0.007725803
-3.260000	0.007810478
-3.250000	0.007916117
-3.240000	0.008135127
-3.230000	0.008143585
-3.220000	0.008248546
-3.210000	0.008466071
-3.200000	0.008588743
-3.190000	0.008607145
-3.180000	0.008749084
-3.170000	0.008828085
-3.160000	0.008996605
-3.150000	0.009109286
-3.140000	0.009231244
-3.130000	0.009368598
-3.120000	0.009503203
-3.110000	0.009722167
-3.100000	0.009865920
-3.090000	0.009900478
-3.080000	0.010030929
-3.070000	0.010167605
-3.060000	0.010327818
-3.050000	0.010463873
-3.040000	0.010606386
-3.030000	0.010767325
-3.020000	0.010929994
-3.010000	0.011080919
-3.000000	0.011248186
-2.990000	0.011503591
-2.980000	0.011554948
-2.970000	0.011730615
-2.960000	0.011990594
-2.950000	0.012052726
-2.940000	0.012240560
-2.930000	0.012388922
-2.920000	0.012571187
-2.910000	0.012755488
-2.900000	0.012924229
-2.890000	0.013116918
-2.880000	0.013272217
-2.870000	0.013499393
-2.860000	0.013686630
-2.850000	0.013875189
-2.840000	0.014079892
-2.830000	0.014266053
-2.820000	0.014484525
-2.810000	0.014667083
-2.800000	0.014968218
-2.790000	0.015088340
-2.780000	0.015299489
-2.770000	0.015529145
-2.760000	0.015730830
-2.750000	0.015962650
-2.740000	0.016195758
-2.730000	0.016433065
-2.720000	0.016635943
-2.710000	0.016886282
-2.700000	0.017151269
-2.690000	0.017361891
-2.680000	0.017736003
-2.670000	0.017872093
-2.660000	0.018143361
-2.650000	0.018403317
-2.640000	0.018626411
-2.630000	0.018925159
-2.620000	0.019206722
-2.610000	0.019437689
-2.600000	0.019746837
-2.590000	0.020016012
-2.580000	0.020421031
-2.570000	0.020689176
-2.560000	0.020885514
-2.550000	0.021186790
-2.540000	0.021467663
-2.530000	0.021808152
-2.520000	0.022106175
-2.510000	0.022533527
-2.500000	0.022747379
-2.490000	0.023076239
-2.480000	0.023487295
-2.470000	0.023727702
-2.460000	0.024090677
-2.450000	0.024443204
-2.440000	0.024821959
-2.430000	0.025129424
-2.420000	0.025480535
-2.410000	0.025929378
-2.400000	0.026297370
-2.390000	0.026584736
-2.380000	0.026944201
-2.370000	0.027308590
-2.360000	0.027735884
-2.350000	0.028101174
-2.340000	0.028533779
-2.330000	0.029138295
-2.320000	0.029350661
-2.310000	0.029782084
-2.300000	0.030212676
-2.290000	0.030703224
-2.280000	0.031062618
-2.270000	0.031679851
-2.260000	0.031974575
-2.250000	0.032385853
-2.240000	0.032942136
-2.230000	0.033434041
-2.220000	0.033806269
-2.210000	0.034400607
-2.200000	0.034895460
-2.190000	0.035296865
-2.180000	0.035889460
-2.170000	0.036233318
-2.160000	0.036822311
-2.150000	0.037390222
-2.140000	0.037983145
-2.130000	0.038515352
-2.120000	0.039153806
-2.110000	0.039702320
-2.100000	0.040281041
-2.090000	0.040734048
-2.080000	0.041414524
-2.070000	0.041825837
-2.060000	0.042410688
-2.050000	0.043024972
-2.040000	0.043629711
-2.030000	0.044253413
-2.020000	0.044887398
-2.010000	0.045615195
-2.000000	0.046250607
-1.990000	0.046826321
-1.980000	0.047656622
-1.970000	0.048159640
-1.960000	0.048936782
-1.950000	0.049542152
-1.940000	0.050258169
-1.930000	0.051002928
-1.920000	0.051731614
-1.910000	0.052533674
-1.900000	0.053171414
-1.890000	0.054047866
-1.880000	0.054909179
-1.870000	0.055574727
-1.860000	0.056258245
-1.850000	0.057099191
-1.840000	0.058028333
-1.830000	0.058710505
-1.820000	0.059790829
-1.810000	0.060398983
-1.800000	0.061390632
-1.790000	0.062131016
-1.780000	0.063036913
-1.770000	0.063993535
-1.760000	0.064843150
-1.750000	0.065709120
-1.740000	0.066697937
-1.730000	0.067606290
-1.720000	0.068750980
-1.710000	0.069569021
-1.700000	0.070508855
-1.690000	0.071606213
-1.680000	0.072571679
-1.670000	0.073984479
-1.660000	0.074687100
-1.650000	0.075615084
-1.640000	0.076858148
-1.630000	0.077910372
-1.620000	0.078898311
-1.610000	0.080053834
-1.600000	0.081266751
-1.590000	0.082374766
-1.580000	0.083588033
-1.570000	0.084661700
-1.560000	0.085807385
-1.550000	0.087108380
-1.540000	0.088514301
-1.530000	0.089609705
-1.520000	0.091003588
-1.510000	0.092291282
-1.500000	0.093507755
-1.490000	0.094636827
-1.480000	0.096117608
-1.470000	0.097314626
-1.460000	0.098810240
-1.450000	0.100195232
-1.440000	0.101494263
-1.430000	0.102879231
-1.420000	0.104235608
-1.410000	0.106049251
-1.400000	0.107577399
-1.390000	0.108650213
-1.380000	0.110147781
-1.370000	0.111810838
-1.360000	0.113264244
-1.350000	0.114836871
-1.340000	0.116394897
-1.330000	0.118137494
-1.320000	0.119712917
-1.310000	0.121454425
-1.300000	0.123075800
-1.290000	0.124638191
-1.280000	0.126672189
-1.270000	0.128269839
-1.260000	0.130457031
-1.250000	0.131979740
-1.240000	0.133498014
-1.230000	0.135490728
-1.220000	0.137103341
-1.210000	0.139091855
-1.200000	0.140944407
-1.190000	0.142886243
-1.180000	0.144939743
-1.170000	0.146842974
-1.160000	0.148801995
-1.150000	0.150856069
-1.140000	0.152928602
-1.130000	0.154875937
-1.120000	0.157093370
-1.110000	0.158977450
-1.100000	0.161242345
-1.090000	0.163542253
-1.080000	0.165490302
-1.070000	0.167874429
-1.060000	0.170239616
-1.050000	0.172374012
-1.040000	0.174488228
-1.030000	0.177109639
-1.020000	0.179372861
-1.010000	0.181760744
-1.000000	0.184088355
-0.990000	0.186369101
-0.980000	0.188880615
-0.970000	0.191338666
-0.960000	0.194056825
-0.950000	0.196461390
-0.940000	0.199088814
-0.930000	0.201909746
-0.920000	0.204501945
-0.910000	0.206805644
-0.900000	0.209799728
-0.890000	0.212303649
-0.880000	0.215077576
-0.870000	0.217838645
-0.860000	0.220481161
-0.850000	0.223198162
-0.840000	0.226255125
-0.830000	0.228762697
-0.820000	0.231729838
-0.810000	0.234970097
-0.800000	0.237885998
-0.790000	0.240827917
-0.780000	0.243626025
-0.770000	0.246562071
-0.760000	0.249940654
-0.750000	0.252863083
-0.740000	0.255918222
-0.730000	0.259151215
-0.720000	0.262286455
-0.710000	0.266094039
-0.700000	0.268657086
-0.690000	0.271837330
-0.680000	0.275367680
-0.670000	0.278752416
-0.660000	0.281676226
-0.650000	0.285317304
-0.640000	0.288834036
-0.630000	0.292053096
-0.620000	0.295322625
-0.610000	0.298694177
-0.600000	0.302264864
-0.590000	0.305529198
-0.580000	0.308907617
-0.570000	0.312450847
-0.560000	0.316341492
-0.550000	0.319717162
-0.540000	0.323059292
-0.530000	0.326575241
-0.520000	0.330289435
-0.510000	0.334110531
-0.500000	0.337472245
-0.490000	0.340927326
-0.480000	0.344774756
-0.470000	0.348476783
-0.460000	0.352150711
-0.450000	0.355681739
-0.440000	0.359299641
-0.430000	0.363466854
-0.420000	0.366786605
-0.410000	0.371119213
-0.400000	0.373952230
-0.390000	0.378042980
-0.380000	0.381799231
-0.370000	0.385177440
-0.360000	0.389421466
-0.350000	0.392616251
-0.340000	0.396277837
-0.330000	0.400430099
-0.320000	0.403917830
-0.310000	0.407255760
-0.300000	0.410502804
-0.290000	0.414610143
-0.280000	0.418032608
-0.270000	0.421663215
-0.260000	0.424973466
-0.250000	0.428850634
-0.240000	0.432090764
-0.230000	0.436059322
-0.220000	0.439209009
-0.210000	0.442159854
-0.200000	0.445567263
-0.190000	0.448757767
-0.180000	0.452268369
-0.170000	0.455531194
-0.160000	0.458777161
-0.150000	0.461430533
-0.140000	0.464362392
-0.130000	0.467188085
-0.120000	0.470134800
-0.110000	0.472832334
-0.100000	0.475802108
-0.090000	0.478932025
-0.080000	0.480903517
-0.070000	0.483719137
-0.060000	0.485640583
-0.050000	0.487836455
-0.040000	0.490585873
-0.030000	0.492727558
-0.020000	0.494471886
-0.010000	0.496131609
0.000000	0.498726885
0.010000	0.499640152
0.020000	0.501696670
0.030000	0.503061108
0.040000	0.504513344
0.050000	0.505521253
0.060000	0.506956760
0.070000	0.507948291
0.080000	0.508252175
0.090000	0.508721151
0.100000	0.509482102
0.110000	0.510304751
0.120000	0.510744246
0.130000	0.510721785
0.140000	0.510637706
0.150000	0.510611583
0.160000	0.510048211
0.170000	0.509725422
0.180000	0.509119946
0.190000	0.508087622
0.200000	0.507606913
0.210000	0.506773922
0.220000	0.505616305
0.230000	0.504108816
0.240000	0.503008815
0.250000	0.501388867
0.260000	0.499858578
0.270000	0.497996327
0.280000	0.496057708
0.290000	0.493893258
0.300000	0.491810652
0.310000	0.489522641
0.320000	0.486821410
0.330000	0.484587564
0.340000	0.481892591
0.350000	0.478845841
0.360000	0.476334081
0.370000	0.473042828
0.380000	0.469875523
0.390000	0.466697431
0.400000	0.463939099
0.410000	0.459963756
0.420000	0.456716514
0.430000	0.452801407
0.440000	0.449558189
0.450000	0.446048008
0.460000	0.442221939
0.470000	0.438357417
0.480000	0.434198148
0.490000	0.430111691
0.500000	0.426531563
0.510000	0.422069474
0.520000	0.417919891
0.530000	0.414161851
0.540000	0.409380014
0.550000	0.405300693
0.560000	0.400984393
0.570000	0.396417799
0.580000	0.391735834
0.590000	0.387592030
0.600000	0.383633568
0.610000	0.379347333
0.620000	0.374438707
0.630000	0.369698599
0.640000	0.365610890
0.650000	0.360968197
0.660000	0.356480804
0.670000	0.351835666
0.680000	0.347146717
0.690000	0.343151766
0.700000	0.338747726
0.710000	0.334283262
0.720000	0.330019898
0.730000	0.325248789
0.740000	0.320835460
0.750000	0.316284063
0.760000	0.312049373
0.770000	0.307530147
0.780000	0.303101212
0.790000	0.299106578
0.800000	0.294739072
0.810000	0.290040132
0.820000	0.286081951
0.830000	0.281736252
0.840000	0.277575976
0.850000	0.273688338
0.860000	0.269213673
0.870000	0.265425005
0.880000	0.261398106
0.890000	0.257263427
0.900000	0.253402871
0.910000	0.249459641
0.920000	0.245509648
0.930000	0.241579380
0.940000	0.237608108
0.950000	0.234537001
0.960000	0.230778597
0.970000	0.226549744
0.980000	0.223036264
0.990000	0.219639934
1.000000	0.216017808
1.010000	0.212708341
1.020000	0.208857097
1.030000	0.205656368
1.040000	0.202157968
1.050000	0.198886006
1.060000	0.195457470
1.070000	0.192452963
1.080000	0.188989950
1.090000	0.186219861
1.100000	0.182956954
1.110000	0.179715374
1.120000	0.176862657
1.130000	0.173895820
1.140000	0.170868220
1.150000	0.168057548
1.160000	0.165118916
1.170000	0.162191269
1.180000	0.159566454
1.190000	0.156910719
1.200000	0.153976895
1.210000	0.151502548
1.220000	0.148764466
1.230000	0.146140516
1.240000	0.144144469
1.250000	0.141085703
1.260000	0.138615930
1.270000	0.136175029
1.280000	0.133785287
1.290000	0.131365818
1.300000	0.129245051
1.310000	0.127044159
1.320000	0.124654031
1.330000	0.122410041
1.340000	0.120274511
1.350000	0.118212155
1.360000	0.116071301
1.370000	0.113949961
1.380000	0.112154006
1.390000	0.110053069
1.400000	0.108031260
1.410000	0.106010868
1.420000	0.104328987
1.430000	0.102423545
1.440000	0.100570139
1.450000	0.098806076
1.460000	0.096938526
1.470000	0.095145052
1.480000	0.093392535
1.490000	0.091909649
1.500000	0.090154453
1.510000	0.088601725
1.520000	0.087016663
1.530000	0.085492387
1.540000	0.083843777
1.550000	0.082370940
1.560000	0.080908608
1.570000	0.079495914
1.580000	0.078082167
1.590000	0.076577135
1.600000	0.075415798
1.610000	0.073876933
1.620000	0.072646738
1.630000	0.071223304
1.640000	0.070040909
1.650000	0.068646488
1.660000	0.067537432
1.670000	0.066296696
1.680000	0.065022713
1.690000	0.063947384
1.700000	0.062907070
1.710000	0.061725669
1.720000	0.060607442
1.730000	0.059370005
1.740000	0.058313406
1.750000	0.057164563
1.760000	0.056176951
1.770000	0.055288145
1.780000	0.054283173
1.790000	0.053154077
1.800000	0.052321168
1.810000	0.051298834
1.820000	0.050467984
1.830000	0.049688900
1.840000	0.048526990
1.850000	0.047658716
1.860000	0.046954164
1.870000	0.046179842
1.880000	0.045194815
1.890000	0.044466562
1.900000	0.043658361
1.910000	0.042939420
1.920000	0.042057143
1.930000	0.041320221
1.940000	0.040507878
1.950000	0.039742856
1.960000	0.039041510
1.970000	0.038440445
1.980000	0.037625493
1.990000	0.037053453
2.000000	0.036387214
2.010000	0.035946409
2.020000	0.034986605
2.030000	0.034373150
2.040000	0.033934814
2.050000	0.033232578
2.060000	0.032645505
2.070000	0.032074470
2.080000	0.031414058
2.090000	0.030831944
2.100000	0.030365074
2.110000	0.029733569
2.120000	0.029207633
2.130000	0.028806954
2.140000	0.028162967
2.150000	0.027640622
2.160000	0.027150003
2.170000	0.026696353
2.180000	0.026312988
2.190000	0.025755571
2.200000	0.025269129
2.210000	0.024788630
2.220000	0.024480499
2.230000	0.024032417
2.240000	0.023626357
2.250000	0.023142711
2.260000	0.022695004
2.270000	0.022381515
2.280000	0.022192851
2.290000	0.021597986
2.300000	0.021130929
2.310000	0.020732648
2.320000	0.020369498
2.330000	0.020022703
2.340000	0.019682378
2.350000	0.019313636
2.360000	0.019009074
2.370000	0.018651738
2.380000	0.018343455
2.390000	0.018000673
2.400000	0.017799012
2.410000	0.017365845
2.420000	0.017036482
2.430000	0.016750075
2.440000	0.016475449
2.450000	0.016282468
2.460000	0.015896740
2.470000	0.015633310
2.480000	0.015300717
2.490000	0.015077401
2.500000	0.014797511
2.510000	0.014551711
2.520000	0.014267375
2.530000	0.014043545
2.540000	0.013800622
2.550000	0.013657454
2.560000	0.013343825
2.570000	0.013103546
2.580000	0.012863384
2.590000	0.012650165
2.600000	0.012407125
2.610000	0.012186746
2.620000	0.011999146
2.630000	0.011772625
2.640000	0.011571268
2.650000	0.011395110
2.660000	0.011182217
2.670000	0.011066553
2.680000	0.010773092
2.690000	0.010783948
2.700000	0.010429701
2.710000	0.010313698
2.720000	0.010055298
2.730000	0.009891926
2.740000	0.009830953
2.750000	0.009526203
2.760000	0.009386568
2.770000	0.009212971
2.780000	0.009064866
2.790000	0.008898254
2.800000	0.008767334
2.810000	0.008604641
2.820000	0.008538088
2.830000	0.008320633
2.840000	0.008179957
2.850000	0.008029606
2.860000	0.007893854
2.870000	0.007752523
2.880000	0.007641631
2.890000	0.007510209
2.900000	0.007372995
2.910000	0.007250042
2.920000	0.007122539
2.930000	0.007009565
2.940000	0.006884822
2.950000	0.006771404
2.960000	0.006649351
2.970000	0.006537009
2.980000	0.006423369
2.990000	0.006420795
3.000000	0.006203387
3.010000	0.006111775
3.020000	0.006003235
3.030000	0.005903820
3.040000	0.005801141
3.050000	0.005701913
3.060000	0.005598625
3.070000	0.005517811
3.080000	0.005414278
3.090000	0.005319589
3.100000	0.005250801
3.110000	0.005144940
3.120000	0.005070326
3.130000	0.005080269
3.140000	0.004903339
3.150000	0.004903760
3.160000	0.004732059
3.170000	0.004662803
3.180000	0.004579684
3.190000	0.004497197
3.200000	0.004426256
3.210000	0.004436247
3.220000	0.004276350
3.230000	0.004197115
3.240000	0.004131883
3.250000	0.004069506
3.260000	0.003996483
3.270000	0.003948483
3.280000	0.003877472
3.290000	0.003811983
3.300000	0.003841019
3.310000	0.003678268
3.320000	0.003611258
3.330000	0.003554753
3.340000	0.003491885
3.350000	0.003435673
3.360000	0.003384842
3.370000	0.003337275
3.380000	0.003265644
3.390000	0.003235778
3.400000	0.003160450
3.410000	0.003116826
3.420000	0.003062930
3.430000	0.003011082
3.440000	0.002962848
3.450000	0.002913176
3.460000	0.002856893
3.470000	0.002813585
3.480000	0.002781145
3.490000	0.002722558
3.500000	0.002685789
3.510000	0.002636549
3.520000	0.002587099
3.530000	0.002558987
3.540000	0.002515375
3.550000	0.002470615
3.560000	0.002422955
3.570000	0.002391299
3.580000	0.002353781
3.590000	0.002310519
3.600000	0.002276032
3.610000	0.002233203
3.620000	0.002204717
3.630000	0.002167901
3.640000	0.002132337
3.650000	0.002099604
3.660000	0.002065234
3.670000	0.002026067
3.680000	0.001998563
3.690000	0.001960578
3.700000	0.001937098
3.710000	0.001911619
3.720000	0.001872498
3.730000	0.001847054
3.740000	0.001813467
3.750000	0.001778827
3.760000	0.001753734
3.770000	0.001728570
3.780000	0.001699733
3.790000	0.001671726
3.800000	0.001647674
3.810000	0.001617222
3.820000	0.001581892
3.830000	0.001570825
3.840000	0.001542257
3.850000	0.001521176
3.860000	0.001492900
3.870000	0.001469035
3.880000	0.001449346
3.890000	0.001424592
3.900000	0.001398925
3.910000	0.001371971
3.920000	0.001350797
3.930000	0.001336384
3.940000	0.001316017
3.950000	0.001287285
3.960000	0.001274767
3.970000	0.001242385
3.980000	0.001233413
3.990000	0.001214741
4.000000	0.001193497
4.010000	0.001174580
4.020000	0.001155078
4.030000	0.001139753
4.040000	0.001121269
4.050000	0.001108143
4.060000	0.001091134
4.070000	0.001064156
4.080000	0.001051732
4.090000	0.001033927
4.100000	0.001016952
4.110000	0.001005055
4.120000	0.000990244
4.130000	0.000972158
4.140000	0.000952727
4.150000	0.000936817
4.160000	0.000924241
4.170000	0.000911278
4.180000	0.000896667
4.190000	0.000887226
4.200000	0.000868239
4.210000	0.000855113
4.220000	0.000841391
4.230000	0.000824334
4.240000	0.000812436
4.250000	0.000802411
4.260000	0.000788571
4.270000	0.000776112
4.280000	0.000768110
4.290000	0.000761337
4.300000	0.000740115
4.310000	0.000733365
4.320000	0.000721245
4.330000	0.000709453
4.340000	0.000695087
4.350000	0.000691952
4.360000	0.000676826
4.370000	0.000666332
4.380000	0.000660869
4.390000	0.000648339
4.400000	0.000634699
4.410000	0.000630300
4.420000	0.000617783
4.430000	0.000613618
4.440000	0.000600141
4.450000	0.000590794
4.460000	0.000577715
4.470000	0.000569783
4.480000	0.000562600
4.490000	0.000559161
4.500000	0.000547181
4.510000	0.000543952
4.520000	0.000526650
4.530000	0.000526358
4.540000	0.000511816
4.550000	0.000513945
4.560000	0.000495040
4.570000	0.000495087
4.580000	0.000484628
4.590000	0.000476194
4.600000	0.000470099
4.610000	0.000457441
4.620000	0.000457031
4.630000	0.000445099
4.640000	0.000443426
4.650000	0.000435202
4.660000	0.000425375
4.670000	0.000423386
4.680000	0.000413723
4.690000	0.000411161
4.700000	0.000404633
4.710000	0.000398433
4.720000	0.000389320
4.730000	0.000385178
4.740000	0.000380955
4.750000	0.000373936
4.760000	0.000368777
4.770000	0.000361851
4.780000	0.000357640
4.790000	0.000351767
4.800000	0.000346619
4.810000	0.000343683
4.820000	0.000337986
4.830000	0.000332218
4.840000	0.000328440
4.850000	0.000322415
4.860000	0.000315138
4.870000	0.000313278
4.880000	0.000308072
4.890000	0.000302282
4.900000	0.000297742
4.910000	0.000293975
4.920000	0.000289986
4.930000	0.000287424
4.940000	0.000278498
4.950000	0.000275468
4.960000	0.000276626
4.970000	0.000269326
4.980000	0.000263161
4.990000	0.000259968
5.000000	0.000259500
5.010000	0.000255171
5.020000	0.000247801
5.030000	0.000249123
5.040000	0.000244245
5.050000	0.000240232
5.060000	0.000233973
5.070000	0.000229340
5.080000	0.000230159
5.090000	0.000223351
5.100000	0.000222040
5.110000	0.000218858
5.120000	0.000212705
5.130000	0.000210225
5.140000	0.000207675
5.150000	0.000206411
5.160000	0.000206680
5.170000	0.000197824
5.180000	0.000197029
5.190000	0.000195110
5.200000	0.000192033
5.210000	0.000189425
5.220000	0.000184593
5.230000	0.000185424
5.240000	0.000179305
5.250000	0.000175667
5.260000	0.000174638
5.270000	0.000173573
5.280000	0.000172391
5.290000	0.000168250
5.300000	0.000165594
5.310000	0.000162342
5.320000	0.000162225
5.330000	0.000156329
5.340000	0.000156996
5.350000	0.000155300
5.360000	0.000151170
5.370000	0.000149123
5.380000	0.000146409
5.390000	0.000145812
5.400000	0.000141448
5.410000	0.000141472
5.420000	0.000142244
5.430000	0.000137681
5.440000	0.000133622
5.450000	0.000134850
5.460000	0.000132604
5.470000	0.000129188
5.480000	0.000126111
5.490000	0.000125913
5.500000	0.000126252
5.510000	0.000122918
5.520000	0.000121631
5.530000	0.000118507
5.540000	0.000117864
5.550000	0.000113781
5.560000	0.000113582
5.570000	0.000112085
5.580000	0.000110412
5.590000	0.000110716
5.600000	0.000108060
5.610000	0.000105264
5.620000	0.000104949
5.630000	0.000102375
5.640000	0.000101345
5.650000	0.000100023
5.660000	0.000098725
5.670000	0.000096292
5.680000	0.000095824
5.690000	0.000094607
5.700000	0.000092513
5.710000	0.000092934
5.720000	0.000091308
5.730000	0.000089050
5.740000	0.000087050
5.750000	0.000086196
5.760000	0.000084312
5.770000	0.000084254
5.780000	0.000083482
5.790000	0.000080920
5.800000	0.000082674
5.810000	0.000078369
5.820000	0.000077305
5.830000	0.000076591
5.840000	0.000077679
5.850000	0.000076392
5.860000	0.000075433
5.870000	0.000072684
5.880000	0.000072543
5.890000	0.000071818
5.900000	0.000070555
5.910000	0.000068847
5.920000	0.000067724
5.930000	0.000067267
5.940000	0.000066156
5.950000	0.000065407
5.960000	0.000065068
5.970000	0.000063126
5.980000	0.000063875
5.990000	0.000061874
6.000000	0.000061722
6.010000	0.000060002
6.020000	0.000060190
6.030000	0.000059722
6.040000	0.000056434
6.050000	0.000057359
6.060000	0.000054902
6.070000	0.000055557
6.080000	0.000053205
6.090000	0.000053603
6.100000	0.000052995
6.110000	0.000053287
6.120000	0.000051731
6.130000	0.000050913
6.140000	0.000050854
6.150000	0.000049789
6.160000	0.000050000
6.170000	0.000048386
6.180000	0.000048503
6.190000	0.000048561
6.200000	0.000045601
6.210000	0.000045999
6.220000	0.000044209
6.230000	0.000044022
6.240000	0.000043273
6.250000	0.000043566
6.260000	0.000042700
6.270000	0.000043121
6.280000	0.000042115
6.290000	0.000040863
6.300000	0.000040232
6.310000	0.000040033
6.320000	0.000039144
6.330000	0.000037377
6.340000	0.000038898
6.350000	0.000038676
6.360000	0.000037237
6.370000	0.000036125
6.380000	0.000036617
6.390000	0.000035482
6.400000	0.000036664
6.410000	0.000034675
6.420000	0.000034289
6.430000	0.000034722
6.440000	0.000033306
6.450000	0.000033084
6.460000	0.000033142
6.470000	0.000031692
6.480000	0.000031165
6.490000	0.000031165
6.500000	0.000030849
6.510000	0.000029890
6.520000	0.000029223
6.530000	0.000029469
6.540000	0.000029223
6.550000	0.000028849
6.560000	0.000027129
6.570000	0.000027609
6.580000	0.000026767
6.590000	0.000027738
6.600000	0.000026568
6.610000	0.000026123
6.620000	0.000025924
6.630000	0.000025515
6.640000	0.000026486
6.650000	0.000026275
6.660000	0.000025257
6.670000	0.000024415
6.680000	0.000024661
6.690000	0.000023339
6.700000	0.000023643
6.710000	0.000022555
6.720000	0.000022613
6.730000	0.000022227
6.740000	0.000021923
6.750000	0.000021795
6.760000	0.000021455
6.770000	0.000021069
6.780000	0.000021806
6.790000	0.000021280
6.800000	0.000021198
6.810000	0.000021280
6.820000	0.000019841
6.830000	0.000019935
6.840000	0.000019841
6.850000	0.000019689
6.860000	0.000018589
6.870000	0.000018636
6.880000	0.000018215
6.890000	0.000018227
6.900000	0.000017256
6.910000	0.000018227
6.920000	0.000017688
6.930000	0.000017361
6.940000	0.000016554
6.950000	0.000016823
6.960000	0.000017314
6.970000	0.000016776
6.980000	0.000016834
6.990000	0.000016144
7.000000	0.000016144
7.010000	0.000016366
7.020000	0.000015091
7.030000	0.000016378
7.040000	0.000015618
7.050000	0.000014986
7.060000	0.000014190
7.070000	0.000013828
7.080000	0.000014857
7.090000	0.000014366
7.100000	0.000013945
7.110000	0.000013559
7.120000	0.000013442
7.130000	0.000013641
7.140000	0.000013126
7.150000	0.000013149
7.160000	0.000012962
7.170000	0.000012833
7.180000	0.000012716
7.190000	0.000012599
7.200000	0.000012085
7.210000	0.000012096
7.220000	0.000011430
7.230000	0.000012050
7.240000	0.000011652
7.250000	0.000011418
7.260000	0.000011921
7.270000	0.000011383
7.280000	0.000010646
7.290000	0.000010810
7.300000	0.000010938
7.310000	0.000010494
7.320000	0.000010388
7.330000	0.000010377
7.340000	0.000010260
7.350000	0.000009979
7.360000	0.000010634
7.370000	0.000009815
7.380000	0.000009932
7.390000	0.000009815
7.400000	0.000009862
7.410000	0.000009534
7.420000	0.000009558
7.430000	0.000009675
7.440000	0.000009219
7.450000	0.000008610
7.460000	0.000008797
7.470000	0.000008271
7.480000	0.000008751
7.490000	0.000008634
7.500000	0.000008482
7.510000	0.000008283
7.520000	0.000008306
7.530000	0.000008037
7.540000	0.000008166
7.550000	0.000007569
7.560000	0.000007581
7.570000	0.000007955
7.580000	0.000007815
7.590000	0.000007639
7.600000	0.000007323
7.610000	0.000007487
7.620000	0.000007265
7.630000	0.000006575
7.640000	0.000006750
7.650000	0.000007546
7.660000	0.000007429
7.670000	0.000007592
7.680000	0.000006516
7.690000	0.000006621
7.700000	0.000006516
7.710000	0.000006306
7.720000	0.000006118
7.730000	0.000006107
7.740000	0.000005662
7.750000	0.000005849
7.760000	0.000005756
7.770000	0.000006294
7.780000	0.000006072
7.790000	0.000006001
7.800000	0.000006083
7.810000	0.000005498
7.820000	0.000005955
7.830000	0.000005639
7.840000	0.000005393
7.850000	0.000005826
7.860000	0.000005405
7.870000	0.000005218
7.880000	0.000005030
7.890000	0.000005323
7.900000	0.000005346
7.910000	0.000005159
7.920000	0.000005405
7.930000	0.000004633
7.940000	0.000004960
7.950000	0.000005019
7.960000	0.000004960
7.970000	0.000004574
7.980000	0.000005218
7.990000	0.000004445
8.000000	0.000004574
8.010000	0.000004960
8.020000	0.000004317
8.030000	0.000004469
8.040000	0.000004165
8.050000	0.000003814
8.060000	0.000003872
8.070000	0.000004282
8.080000	0.000003825
8.090000	0.000003954
8.100000	0.000004095
8.110000	0.000003825
8.120000	0.000003931
8.130000	0.000003767
8.140000	0.000003650
8.150000	0.000004024
8.160000	0.000003346
8.170000	0.000003603
8.180000	0.000003591
8.190000	0.000003521
8.200000	0.000003685
8.210000	0.000003545
8.220000	0.000003650
8.230000	0.000003147
8.240000	0.000003334
8.250000	0.000003018
8.260000	0.000003241
8.270000	0.000003135
8.280000	0.000003030
8.290000	0.000003065
8.300000	0.000003159
8.310000	0.000002890
8.320000	0.000002866
8.330000	0.000003252
8.340000	0.000002632
8.350000	0.000002843
8.360000	0.000002901
8.370000	0.000002726
8.380000	0.000002866
8.390000	0.000002925
8.400000	0.000002656
8.410000	0.000002667
8.420000	0.000002632
8.430000	0.000002726
8.440000	0.000002398
8.450000	0.000002667
8.460000	0.000002948
8.470000	0.000002445
8.480000	0.000002305
8.490000	0.000002410
8.500000	0.000002585
8.510000	0.000002445
8.520000	0.000002316
8.530000	0.000002094
8.540000	0.000002550
8.550000	0.000002164
8.560000	0.000002199
8.570000	0.000002129
8.580000	0.000002129
8.590000	0.000002223
8.600000	0.000002328
8.610000	0.000002106
8.620000	0.000002199
8.630000	0.000002281
8.640000	0.000002270
8.650000	0.000002059
8.660000	0.000001942
8.670000	0.000002270
8.680000	0.000002211
8.690000	0.000001825
8.700000	0.000001919
8.710000	0.000002000
8.720000	0.000001837
8.730000	0.000001989
8.740000	0.000001685
8.750000	0.000001883
8.760000	0.000001720
8.770000	0.000001731
8.780000	0.000001755
8.790000	0.000001813
8.800000	0.000001766
8.810000	0.000001743
8.820000	0.000001345
8.830000	0.000001416
8.840000	0.000001533
8.850000	0.000001474
8.860000	0.000001720
8.870000	0.000001369
8.880000	0.000001638
8.890000	0.000001462
8.900000	0.000001509
8.910000	0.000001486
8.920000	0.000001287
8.930000	0.000001474
8.940000	0.000001521
8.950000	0.000001392
8.960000	0.000001696
8.970000	0.000001088
8.980000	0.000001416
8.990000	0.000001252
9.000000	0.000001416
9.010000	0.000001497
9.020000	0.000001217
9.030000	0.000001345
9.040000	0.000001357
9.050000	0.000001263
9.060000	0.000001170
9.070000	0.000000994
9.080000	0.000001287
9.090000	0.000001158
9.100000	0.000001158
9.110000	0.000001310
9.120000	0.000001252
9.130000	0.000001228
9.140000	0.000001252
9.150000	0.000000948
9.160000	0.000001065
9.170000	0.000001029
9.180000	0.000000912
9.190000	0.000000936
9.200000	0.000000959
9.210000	0.000000994
9.220000	0.000001170
9.230000	0.000000901
9.240000	0.000001006
9.250000	0.000000948
9.260000	0.000001228
9.270000	0.000001006
9.280000	0.000001029
9.290000	0.000000889
9.300000	0.000000948
9.310000	0.000000912
9.320000	0.000001146
9.330000	0.000000819
9.340000	0.000000667
9.350000	0.000000807
9.360000	0.000000877
9.370000	0.000000901
9.380000	0.000000854
9.390000	0.000000936
9.400000	0.000000854
9.410000	0.000000819
9.420000	0.000000690
9.430000	0.000000831
9.440000	0.000000679
9.450000	0.000000866
9.460000	0.000000737
9.470000	0.000000807
9.480000	0.000000643
9.490000	0.000000608
9.500000	0.000001006
9.510000	0.000000760
9.520000	0.000000796
9.530000	0.000000854
9.540000	0.000000655
9.550000	0.000000620
9.560000	0.000000784
9.570000	0.000000562
9.580000	0.000000550
9.590000	0.000000643
9.600000	0.000000772
9.610000	0.000000515
9.620000	0.000000421
9.630000	0.000000667
9.640000	0.000000714
9.650000	0.000000643
9.660000	0.000000550
9.670000	0.000000737
9.680000	0.000000562
9.690000	0.000000585
9.700000	0.000000725
9.710000	0.000000515
9.720000	0.000000538
9.730000	0.000000597
9.740000	0.000000468
9.750000	0.000000573
9.760000	0.000000456
9.770000	0.000000480
9.780000	0.000000491
9.790000	0.000000597
9.800000	0.000000515
9.810000	0.000000515
9.820000	0.000000445
9.830000	0.000000503
9.840000	0.000000421
9.850000	0.000000363
9.860000	0.000000445
9.870000	0.000000632
9.880000	0.000000538
9.890000	0.000000374
9.900000	0.000000562
9.910000	0.000000503
9.920000	0.000000456
9.930000	0.000000526
9.940000	0.000000515
9.950000	0.000000304
9.960000	0.000000456
9.970000	0.000000445
9.980000	0.000000351
9.990000	0.000000550
10.000000	0.000000351
10.010000	0.000000433
10.020000	0.000000433
10.030000	0.000000351
10.040000	0.000000351
10.050000	0.000000281
10.060000	0.000000585
10.070000	0.000000339
10.080000	0.000000292
10.090000	0.000000363
10.100000	0.000000363
10.110000	0.000000398
10.120000	0.000000526
10.130000	0.000000222
10.140000	0.000000503
10.150000	0.000000304
10.160000	0.000000398
10.170000	0.000000409
10.180000	0.000000351
10.190000	0.000000281
10.200000	0.000000257
10.210000	0.000000257
10.220000	0.000000386
10.230000	0.000000281
10.240000	0.000000328
10.250000	0.000000269
10.260000	0.000000257
10.270000	0.000000304
10.280000	0.000000328
10.290000	0.000000316
10.300000	0.000000304
10.310000	0.000000257
10.320000	0.000000246
10.330000	0.000000211
10.340000	0.000000304
10.350000	0.000000281
10.360000	0.000000199
10.370000	0.000000269
10.380000	0.000000269
10.390000	0.000000199
10.400000	0.000000222
10.410000	0.000000328
10.420000	0.000000328
10.430000	0.000000269
10.440000	0.000000199
10.450000	0.000000199
10.460000	0.000000234
10.470000	0.000000234
10.480000	0.000000222
10.490000	0.000000269
10.500000	0.000000339
10.510000	0.000000175
10.520000	0.000000152
10.530000	0.000000234
10.540000	0.000000152
10.550000	0.000000234
10.560000	0.000000164
10.570000	0.000000257
10.580000	0.000000222
10.590000	0.000000140
10.600000	0.000000222
10.610000	0.000000140
10.620000	0.000000222
10.630000	0.000000257
10.640000	0.000000129
10.650000	0.000000164
10.660000	0.000000211
10.670000	0.000000129
10.680000	0.000000211
10.690000	0.000000175
10.700000	0.000000211
10.710000	0.000000199
10.720000	0.000000164
10.730000	0.000000070
10.740000	0.000000140
10.750000	0.000000105
10.760000	0.000000082
10.770000	0.000000199
10.780000	0.000000164
10.790000	0.000000211
10.800000	0.000000105
10.810000	0.000000222
10.820000	0.000000140
10.830000	0.000000094
10.840000	0.000000211
10.850000	0.000000211
10.860000	0.000000187
10.870000	0.000000117
10.880000	0.000000129
10.890000	0.000000117
10.900000	0.000000094
10.910000	0.000000187
10.920000	0.000000105
10.930000	0.000000117
10.940000	0.000000117
10.950000	0.000000152
10.960000	0.000000152
10.970000	0.000000175
10.980000	0.000000094
10.990000	0.000000164
11.000000	0.000000129
11.010000	0.000000117
11.020000	0.000000234
11.030000	0.000000152
11.040000	0.000000105
11.050000	0.000000047
11.060000	0.000000152
11.070000	0.000000117
11.080000	0.000000152
11.090000	0.000000035
11.100000	0.000000152
11.110000	0.000000140
11.120000	0.000000094
11.130000	0.000000105
11.140000	0.000000094
11.150000	0.000000058
11.160000	0.000000164
11.170000	0.000000094
11.180000	0.000000058
11.190000	0.000000094
11.200000	0.000000187
11.210000	0.000000082
11.220000	0.000000094
11.230000	0.000000047
11.240000	0.000000094
11.250000	0.000000105
11.260000	0.000000047
11.270000	0.000000070
11.280000	0.000000082
11.290000	0.000000058
11.300000	0.000000082
11.310000	0.000000094
11.320000	0.000000140
11.330000	0.000000070
11.340000	0.000000047
11.350000	0.000000094
11.360000	0.000000047
11.370000	0.000000152
11.380000	0.000000035
11.390000	0.000000047
11.400000	0.000000035
11.410000	0.000000082
11.420000	0.000000058
11.430000	0.000000058
11.440000	0.000000023
11.450000	0.000000058
11.460000	0.000000094
11.470000	0.000000070
11.480000	0.000000023
11.490000	0.000000012
11.500000	0.000000012
11.510000	0.000000094
11.520000	0.000000117
11.530000	0.000000070
11.540000	0.000000058
11.550000	0.000000094
11.560000	0.000000117
11.570000	0.000000070
11.580000	0.000000058
11.590000	0.000000082
11.600000	0.000000047
11.610000	0.000000035
11.620000	0.000000047
11.630000	0.000000058
11.640000	0.000000012
11.650000	0.000000058
11.660000	0.000000094
11.670000	0.000000035
11.680000	0.000000047
11.690000	0.000000035
11.700000	0.000000047
11.710000	0.000000070
11.720000	0.000000058
11.730000	0.000000035
11.740000	0.000000047
11.750000	0.000000070
11.760000	0.000000023
11.770000	0.000000023
11.780000	0.000000070
11.790000	0.000000058
11.800000	0.000000070
11.810000	0.000000058
11.820000	0.000000094
11.830000	0.000000047
11.840000	0.000000058
11.850000	0.000000047
11.860000	0.000000058
11.870000	0.000000047
11.880000	0.000000000
11.890000	0.000000058
11.900000	0.000000047
11.910000	0.000000023
11.920000	0.000000070
11.930000	0.000000047
11.940000	0.000000058
11.950000	0.000000035
11.960000	0.000000000
11.970000	0.000000070
11.980000	0.000000035
11.990000	0.000000035
12.000000	0.000000035
12.010000	0.000000070
12.020000	0.000000047
12.030000	0.000000070
12.040000	0.000000023
12.050000	0.000000047
12.060000	0.000000023
12.070000	0.000000035
12.080000	0.000000023
12.090000	0.000000070
12.100000	0.000000023
12.110000	0.000000023
12.120000	0.000000047
12.130000	0.000000058
12.140000	0.000000047
12.150000	0.000000035
12.160000	0.000000023
12.170000	0.000000023
12.180000	0.000000012
12.190000	0.000000047
12.200000	0.000000047
12.210000	0.000000082
12.220000	0.000000023
12.230000	0.000000035
12.240000	0.000000012
12.250000	0.000000012
12.260000	0.000000035
12.270000	0.000000058
12.280000	0.000000023
12.290000	0.000000023
12.300000	0.000000023
12.310000	0.000000047
12.320000	0.000000023
12.330000	0.000000035
12.340000	0.000000035
12.350000	0.000000035
12.360000	0.000000000
12.370000	0.000000023
12.380000	0.000000047
12.390000	0.000000023
12.400000	0.000000035
12.410000	0.000000012
12.420000	0.000000012
12.430000	0.000000012
12.440000	0.000000012
12.450000	0.000000035
12.460000	0.000000035
12.470000	0.000000058
12.480000	0.000000035
12.490000	0.000000035
12.500000	0.000000012
12.510000	0.000000012
12.520000	0.000000000
12.530000	0.000000023
12.540000	0.000000035
12.550000	0.000000023
12.560000	0.000000047
12.570000	0.000000000
12.580000	0.000000023
12.590000	0.000000012
12.600000	0.000000012
12.610000	0.000000000
12.620000	0.000000000
12.630000	0.000000023
12.640000	0.000000023
12.650000	0.000000035
12.660000	0.000000023
12.670000	0.000000023
12.680000	0.000000012
12.690000	0.000000000
12.700000	0.000000000
12.710000	0.000000012
12.720000	0.000000000
12.730000	0.000000012
12.740000	0.000000012
12.750000	0.000000047
12.760000	0.000000023
12.770000	0.000000012
12.780000	0.000000000
12.790000	0.000000023
12.800000	0.000000012
12.810000	0.000000012
12.820000	0.000000035
12.830000	0.000000023
12.840000	0.000000035
12.850000	0.000000035
12.860000	0.000000023
12.870000	0.000000012
12.880000	0.000000000
12.890000	0.000000012
12.900000	0.000000023
12.910000	0.000000000
12.920000	0.000000035
12.930000	0.000000012
12.940000	0.000000023
12.950000	0.000000023
12.960000	0.000000000
12.970000	0.000000023
12.980000	0.000000012
12.990000	0.000000012
13.000000	0.000000023
13.010000	0.000000023
13.020000	0.000000047
13.030000	0.000000000
13.040000	0.000000023
13.050000	0.000000012
13.060000	0.000000000
13.070000	0.000000023
13.080000	0.000000012
13.090000	0.000000012
13.100000	0.000000000
13.110000	0.000000023
13.120000	0.000000000
13.130000	0.000000023
13.140000	0.000000012
13.150000	0.000000012
13.160000	0.000000000
13.170000	0.000000023
13.180000	0.000000012
13.190000	0.000000012
13.200000	0.000000012
13.210000	0.000000023
13.220000	0.000000000
13.230000	0.000000023
13.240000	0.000000023
13.250000	0.000000000
13.260000	0.000000000
13.270000	0.000000012
13.280000	0.000000035
13.290000	0.000000012
13.300000	0.000000012
13.310000	0.000000000
13.320000	0.000000000
13.330000	0.000000000
13.340000	0.000000012
13.350000	0.000000012
13.360000	0.000000000
13.370000	0.000000000
13.380000	0.000000012
13.390000	0.000000012
13.400000	0.000000000
13.410000	0.000000000
13.420000	0.000000000
13.430000	0.000000000
13.440000	0.000000000
13.450000	0.000000000
13.460000	0.000000012
13.470000	0.000000000
13.480000	0.000000000
13.490000	0.000000000
13.500000	0.000000012
13.510000	0.000000012
13.520000	0.000000000
13.530000	0.000000012
13.540000	0.000000000
13.550000	0.000000012
13.560000	0.000000000
13.570000	0.000000000
13.580000	0.000000012
13.590000	0.000000000
13.600000	0.000000000
13.610000	0.000000000
13.620000	0.000000000
13.630000	0.000000000
13.640000	0.000000000
13.650000	0.000000012
13.660000	0.000000012
13.670000	0.000000023
13.680000	0.000000012
13.690000	0.000000000
13.700000	0.000000023
13.710000	0.000000000
13.720000	0.000000012
13.730000	0.000000000
13.740000	0.000000012
13.750000	0.000000000
13.760000	0.000000000
13.770000	0.000000000
13.780000	0.000000012
13.790000	0.000000012
13.800000	0.000000000
13.810000	0.000000012
13.820000	0.000000023
13.830000	0.000000012
13.840000	0.000000000
13.850000	0.000000000
13.860000	0.000000000
13.870000	0.000000000
13.880000	0.000000000
13.890000	0.000000012
13.900000	0.000000000
13.910000	0.000000000
13.920000	0.000000012
13.930000	0.000000000
13.940000	0.000000000
13.950000	0.000000000
13.960000	0.000000000
13.970000	0.000000000
13.980000	0.000000000
13.990000	0.000000000
14.000000	0.000000000
14.010000	0.000000000
14.020000	0.000000023
14.030000	0.000000000
14.040000	0.000000012
14.050000	0.000000000
14.060000	0.000000000
14.070000	0.000000000
14.080000	0.000000012
14.090000	0.000000000
14.100000	0.000000012
14.110000	0.000000000
14.120000	0.000000012
14.130000	0.000000000
14.140000	0.000000000
14.150000	0.000000012
14.160000	0.000000000
14.170000	0.000000000
14.180000	0.000000000
14.190000	0.000000000
14.200000	0.000000000
14.210000	0.000000000
14.220000	0.000000000
14.230000	0.000000012
14.240000	0.000000000
14.250000	0.000000000
14.260000	0.000000000
14.270000	0.000000000
14.280000	0.000000000
14.290000	0.000000000
14.300000	0.000000000
14.310000	0.000000000
14.320000	0.000000012
14.330000	0.000000000
14.340000	0.000000000
14.350000	0.000000000
14.360000	0.000000000
14.370000	0.000000000
14.380000	0.000000012
14.390000	0.000000000
14.400000	0.000000000
14.410000	0.000000000
14.420000	0.000000000
14.430000	0.000000000
14.440000	0.000000000
14.450000	0.000000000
14.460000	0.000000000
14.470000	0.000000000
14.480000	0.000000000
14.490000	0.000000000
14.500000	0.000000000
14.510000	0.000000000
14.520000	0.000000000
14.530000	0.000000000
14.540000	0.000000000
14.550000	0.000000000
14.560000	0.000000000
14.570000	0.000000000
14.580000	0.000000012
14.590000	0.000000000
14.600000	0.000000012
14.610000	0.000000012
14.620000	0.000000000
14.630000	0.000000000
14.640000	0.000000000
14.650000	0.000000012
14.660000	0.000000000
14.670000	0.000000000
14.680000	0.000000000
14.690000	0.000000000
14.700000	0.000000000
14.710000	0.000000000
14.720000	0.000000000
14.730000	0.000000000
14.740000	0.000000000
14.750000	0.000000000
14.760000	0.000000012
14.770000	0.000000012
14.780000	0.000000000
14.790000	0.000000000
14.800000	0.000000000
14.810000	0.000000000
14.820000	0.000000000
14.830000	0.000000000
14.840000	0.000000000
14.850000	0.000000000
14.860000	0.000000000
14.870000	0.000000000
14.880000	0.000000000
14.890000	0.000000000
14.900000	0.000000000
14.910000	0.000000000
14.920000	0.000000000
14.930000	0.000000000
14.940000	0.000000012
14.950000	0.000000000
14.960000	0.000000000
14.970000	0.000000000
14.980000	0.000000000
14.990000	0.000000012
