-15.000000	0.000000000
-14.990000	0.000000000
-14.980000	0.000000000
-14.970000	0.000000000
-14.960000	0.000000000
-14.950000	0.000000000
-14.940000	0.000000000
-14.930000	0.000000000
-14.920000	0.000000000
-14.910000	0.000000000
-14.900000	0.000000000
-14.890000	0.000000000
-14.880000	0.000000000
-14.870000	0.000000000
-14.860000	0.000000000
-14.850000	0.000000000
-14.840000	0.000000000
-14.830000	0.000000000
-14.820000	0.000000000
-14.810000	0.000000000
-14.800000	0.000000000
-14.790000	0.000000000
-14.780000	0.000000000
-14.770000	0.000000000
-14.760000	0.000000000
-14.750000	0.000000000
-14.740000	0.000000000
-14.730000	0.000000000
-14.720000	0.000000000
-14.710000	0.000000000
-14.700000	0.000000000
-14.690000	0.000000000
-14.680000	0.000000000
-14.670000	0.000000000
-14.660000	0.000000000
-14.650000	0.000000000
-14.640000	0.000000000
-14.630000	0.000000000
-14.620000	0.000000000
-14.610000	0.000000000
-14.600000	0.000000000
-14.590000	0.000000000
-14.580000	0.000000000
-14.570000	0.000000000
-14.560000	0.000000000
-14.550000	0.000000000
-14.540000	0.000000000
-14.530000	0.000000000
-14.520000	0.000000000
-14.510000	0.000000000
-14.500000	0.000000000
-14.490000	0.000000000
-14.480000	0.000000000
-14.470000	0.000000000
-14.460000	0.000000000
-14.450000	0.000000000
-14.440000	0.000000000
-14.430000	0.000000000
-14.420000	0.000000000
-14.410000	0.000000000
-14.400000	0.000000000
-14.390000	0.000000000
-14.380000	0.000000000
-14.370000	0.000000000
-14.360000	0.000000000
-14.350000	0.000000000
-14.340000	0.000000000
-14.330000	0.000000000
-14.320000	0.000000000
-14.310000	0.000000000
-14.300000	0.000000000
-14.290000	0.000000000
-14.280000	0.000000000
-14.270000	0.000000000
-14.260000	0.000000000
-14.250000	0.000000000
-14.240000	0.000000000
-14.230000	0.000000000
-14.220000	0.000000000
-14.210000	0.000000000
-14.200000	0.000000000
-14.190000	0.000000000
-14.180000	0.000000000
-14.170000	0.000000000
-14.160000	0.000000000
-14.150000	0.000000000
-14.140000	0.000000000
-14.130000	0.000000000
-14.120000	0.000000000
-14.110000	0.000000000
-14.100000	0.000000000
-14.090000	0.000000000
-14.080000	0.000000000
-14.070000	0.000000000
-14.060000	0.000000000
-14.050000	0.000000000
-14.040000	0.000000000
-14.030000	0.000000000
-14.020000	0.000000000
-14.010000	0.000000000
-14.000000	0.000000000
-13.990000	0.000000000
-13.980000	0.000000000
-13.970000	0.000000000
-13.960000	0.000000000
-13.950000	0.000000000
-13.940000	0.000000000
-13.930000	0.000000000
-13.920000	0.000000000
-13.910000	0.000000000
-13.900000	0.000000000
-13.890000	0.000000000
-13.880000	0.000000000
-13.870000	0.000000000
-13.860000	0.000000000
-13.850000	0.000000000
-13.840000	0.000000000
-13.830000	0.000000000
-13.820000	0.000000000
-13.810000	0.000000000
-13.800000	0.000000000
-13.790000	0.000000000
-13.780000	0.000000000
-13.770000	0.000000000
-13.760000	0.000000000
-13.750000	0.000000000
-13.740000	0.000000000
-13.730000	0.000000000
-13.720000	0.000000000
-13.710000	0.000000000
-13.700000	0.000000000
-13.690000	0.000000000
-13.680000	0.000000000
-13.670000	0.000000000
-13.660000	0.000000000
-13.650000	0.000000000
-13.640000	0.000000000
-13.630000	0.000000000
-13.620000	0.000000000
-13.610000	0.000000000
-13.600000	0.000000000
-13.590000	0.000000000
-13.580000	0.000000000
-13.570000	0.000000000
-13.560000	0.000000000
-13.550000	0.000000000
-13.540000	0.000000000
-13.530000	0.000000000
-13.520000	0.000000000
-13.510000	0.000000000
-13.500000	0.000000000
-13.490000	0.000000000
-13.480000	0.000000000
-13.470000	0.000000000
-13.460000	0.000000000
-13.450000	0.000000000
-13.440000	0.000000000
-13.430000	0.000000000
-13.420000	0.000000000
-13.410000	0.000000000
-13.400000	0.000000000
-13.390000	0.000000000
-13.380000	0.000000000
-13.370000	0.000000000
-13.360000	0.000000000
-13.350000	0.000000000
-13.340000	0.000000000
-13.330000	0.000000000
-13.320000	0.000000000
-13.310000	0.000000000
-13.300000	0.000000000
-13.290000	0.000000000
-13.280000	0.000000000
-13.270000	0.000000000
-13.260000	0.000000000
-13.250000	0.000000000
-13.240000	0.000000000
-13.230000	0.000000000
-13.220000	0.000000000
-13.210000	0.000000000
-13.200000	0.000000000
-13.190000	0.000000000
-13.180000	0.000000000
-13.170000	0.000000000
-13.160000	0.000000000
-13.150000	0.000000000
-13.140000	0.000000000
-13.130000	0.000000000
-13.120000	0.000000000
-13.110000	0.000000000
-13.100000	0.000000000
-13.090000	0.000000000
-13.080000	0.000000000
-13.070000	0.000000000
-13.060000	0.000000000
-13.050000	0.000000000
-13.040000	0.000000000
-13.030000	0.000000000
-13.020000	0.000000000
-13.010000	0.000000000
-13.000000	0.000000000
-12.990000	0.000000000
-12.980000	0.000000000
-12.970000	0.000000000
-12.960000	0.000000000
-12.950000	0.000000000
-12.940000	0.000000000
-12.930000	0.000000000
-12.920000	0.000000000
-12.910000	0.000000000
-12.900000	0.000000000
-12.890000	0.000000000
-12.880000	0.000000000
-12.870000	0.000000000
-12.860000	0.000000000
-12.850000	0.000000000
-12.840000	0.000000000
-12.830000	0.000000000
-12.820000	0.000000000
-12.810000	0.000000000
-12.800000	0.000000000
-12.790000	0.000000000
-12.780000	0.000000000
-12.770000	0.000000000
-12.760000	0.000000000
-12.750000	0.000000000
-12.740000	0.000000000
-12.730000	0.000000000
-12.720000	0.000000000
-12.710000	0.000000000
-12.700000	0.000000000
-12.690000	0.000000000
-12.680000	0.000000000
-12.670000	0.000000000
-12.660000	0.000000000
-12.650000	0.000000000
-12.640000	0.000000000
-12.630000	0.000000000
-12.620000	0.000000000
-12.610000	0.000000000
-12.600000	0.000000000
-12.590000	0.000000000
-12.580000	0.000000000
-12.570000	0.000000000
-12.560000	0.000000000
-12.550000	0.000000000
-12.540000	0.000000000
-12.530000	0.000000000
-12.520000	0.000000000
-12.510000	0.000000000
-12.500000	0.000000000
-12.490000	0.000000000
-12.480000	0.000000000
-12.470000	0.000000000
-12.460000	0.000000000
-12.450000	0.000000000
-12.440000	0.000000000
-12.430000	0.000000000
-12.420000	0.000000000
-12.410000	0.000000000
-12.400000	0.000000000
-12.390000	0.000000000
-12.380000	0.000000000
-12.370000	0.000000000
-12.360000	0.000000000
-12.350000	0.000000000
-12.340000	0.000000000
-12.330000	0.000000000
-12.320000	0.000000000
-12.310000	0.000000000
-12.300000	0.000000000
-12.290000	0.000000000
-12.280000	0.000000000
-12.270000	0.000000000
-12.260000	0.000000000
-12.250000	0.000000000
-12.240000	0.000000000
-12.230000	0.000000000
-12.220000	0.000000000
-12.210000	0.000000000
-12.200000	0.000000000
-12.190000	0.000000000
-12.180000	0.000000000
-12.170000	0.000000000
-12.160000	0.000000000
-12.150000	0.000000000
-12.140000	0.000000000
-12.130000	0.000000000
-12.120000	0.000000000
-12.110000	0.000000000
-12.100000	0.000000000
-12.090000	0.000000000
-12.080000	0.000000000
-12.070000	0.000000000
-12.060000	0.000000000
-12.050000	0.000000000
-12.040000	0.000000000
-12.030000	0.000000000
-12.020000	0.000000000
-12.010000	0.000000000
-12.000000	0.000000000
-11.990000	0.000000000
-11.980000	0.000000000
-11.970000	0.000000000
-11.960000	0.000000000
-11.950000	0.000000000
-11.940000	0.000000000
-11.930000	0.000000000
-11.920000	0.000000000
-11.910000	0.000000000
-11.900000	0.000000000
-11.890000	0.000000000
-11.880000	0.000000000
-11.870000	0.000000000
-11.860000	0.000000000
-11.850000	0.000000000
-11.840000	0.000000000
-11.830000	0.000000000
-11.820000	0.000000000
-11.810000	0.000000000
-11.800000	0.000000000
-11.790000	0.000000000
-11.780000	0.000000000
-11.770000	0.000000000
-11.760000	0.000000000
-11.750000	0.000000000
-11.740000	0.000000000
-11.730000	0.000000000
-11.720000	0.000000000
-11.710000	0.000000000
-11.700000	0.000000000
-11.690000	0.000000000
-11.680000	0.000000000
-11.670000	0.000000000
-11.660000	0.000000000
-11.650000	0.000000000
-11.640000	0.000000000
-11.630000	0.000000000
-11.620000	0.000000000
-11.610000	0.000000000
-11.600000	0.000000000
-11.590000	0.000000000
-11.580000	0.000000000
-11.570000	0.000000000
-11.560000	0.000000000
-11.550000	0.000000000
-11.540000	0.000000000
-11.530000	0.000000000
-11.520000	0.000000000
-11.510000	0.000000000
-11.500000	0.000000000
-11.490000	0.000000000
-11.480000	0.000000000
-11.470000	0.000000000
-11.460000	0.000000000
-11.450000	0.000000000
-11.440000	0.000000000
-11.430000	0.000000000
-11.420000	0.000000000
-11.410000	0.000000000
-11.400000	0.000000000
-11.390000	0.000000000
-11.380000	0.000000000
-11.370000	0.000000000
-11.360000	0.000000000
-11.350000	0.000000000
-11.340000	0.000000000
-11.330000	0.000000000
-11.320000	0.000000000
-11.310000	0.000000000
-11.300000	0.000000000
-11.290000	0.000000000
-11.280000	0.000000000
-11.270000	0.000000000
-11.260000	0.000000000
-11.250000	0.000000000
-11.240000	0.000000000
-11.230000	0.000000000
-11.220000	0.000000000
-11.210000	0.000000000
-11.200000	0.000000000
-11.190000	0.000000000
-11.180000	0.000000000
-11.170000	0.000000000
-11.160000	0.000000000
-11.150000	0.000000000
-11.140000	0.000000000
-11.130000	0.000000000
-11.120000	0.000000000
-11.110000	0.000000012
-11.100000	0.000000000
-11.090000	0.000000000
-11.080000	0.000000000
-11.070000	0.000000000
-11.060000	0.000000000
-11.050000	0.000000000
-11.040000	0.000000000
-11.030000	0.000000000
-11.020000	0.000000000
-11.010000	0.000000000
-11.000000	0.000000000
-10.990000	0.000000000
-10.980000	0.000000000
-10.970000	0.000000000
-10.960000	0.000000000
-10.950000	0.000000000
-10.940000	0.000000000
-10.930000	0.000000000
-10.920000	0.000000000
-10.910000	0.000000000
-10.900000	0.000000000
-10.890000	0.000000000
-10.880000	0.000000000
-10.870000	0.000000000
-10.860000	0.000000000
-10.850000	0.000000000
-10.840000	0.000000012
-10.830000	0.000000000
-10.820000	0.000000000
-10.810000	0.000000000
-10.800000	0.000000000
-10.790000	0.000000000
-10.780000	0.000000012
-10.770000	0.000000000
-10.760000	0.000000000
-10.750000	0.000000000
-10.740000	0.000000000
-10.730000	0.000000012
-10.720000	0.000000000
-10.710000	0.000000012
-10.700000	0.000000000
-10.690000	0.000000000
-10.680000	0.000000000
-10.670000	0.000000000
-10.660000	0.000000000
-10.650000	0.000000012
-10.640000	0.000000000
-10.630000	0.000000000
-10.620000	0.000000000
-10.610000	0.000000000
-10.600000	0.000000012
-10.590000	0.000000012
-10.580000	0.000000012
-10.570000	0.000000000
-10.560000	0.000000000
-10.550000	0.000000000
-10.540000	0.000000000
-10.530000	0.000000000
-10.520000	0.000000000
-10.510000	0.000000024
-10.500000	0.000000012
-10.490000	0.000000012
-10.480000	0.000000000
-10.470000	0.000000024
-10.460000	0.000000012
-10.450000	0.000000024
-10.440000	0.000000000
-10.430000	0.000000036
-10.420000	0.000000000
-10.410000	0.000000000
-10.400000	0.000000012
-10.390000	0.000000024
-10.380000	0.000000000
-10.370000	0.000000000
-10.360000	0.000000000
-10.350000	0.000000012
-10.340000	0.000000012
-10.330000	0.000000000
-10.320000	0.000000000
-10.310000	0.000000000
-10.300000	0.000000012
-10.290000	0.000000012
-10.280000	0.000000012
-10.270000	0.000000000
-10.260000	0.000000012
-10.250000	0.000000000
-10.240000	0.000000000
-10.230000	0.000000024
-10.220000	0.000000000
-10.210000	0.000000012
-10.200000	0.000000000
-10.190000	0.000000000
-10.180000	0.000000012
-10.170000	0.000000012
-10.160000	0.000000000
-10.150000	0.000000012
-10.140000	0.000000036
-10.130000	0.000000012
-10.120000	0.000000012
-10.110000	0.000000012
-10.100000	0.000000000
-10.090000	0.000000024
-10.080000	0.000000000
-10.070000	0.000000012
-10.060000	0.000000012
-10.050000	0.000000036
-10.040000	0.000000000
-10.030000	0.000000071
-10.020000	0.000000024
-10.010000	0.000000036
-10.000000	0.000000012
-9.990000	0.000000012
-9.980000	0.000000059
-9.970000	0.000000012
-9.960000	0.000000000
-9.950000	0.000000000
-9.940000	0.000000036
-9.930000	0.000000000
-9.920000	0.000000012
-9.910000	0.000000012
-9.900000	0.000000024
-9.890000	0.000000000
-9.880000	0.000000024
-9.870000	0.000000000
-9.860000	0.000000012
-9.850000	0.000000012
-9.840000	0.000000000
-9.830000	0.000000024
-9.820000	0.000000012
-9.810000	0.000000036
-9.800000	0.000000024
-9.790000	0.000000012
-9.780000	0.000000047
-9.770000	0.000000024
-9.760000	0.000000012
-9.750000	0.000000000
-9.740000	0.000000012
-9.730000	0.000000000
-9.720000	0.000000036
-9.710000	0.000000012
-9.700000	0.000000024
-9.690000	0.000000036
-9.680000	0.000000047
-9.670000	0.000000036
-9.660000	0.000000000
-9.650000	0.000000024
-9.640000	0.000000012
-9.630000	0.000000000
-9.620000	0.000000024
-9.610000	0.000000012
-9.600000	0.000000012
-9.590000	0.000000000
-9.580000	0.000000047
-9.570000	0.000000012
-9.560000	0.000000000
-9.550000	0.000000000
-9.540000	0.000000012
-9.530000	0.000000036
-9.520000	0.000000000
-9.510000	0.000000024
-9.500000	0.000000036
-9.490000	0.000000000
-9.480000	0.000000059
-9.470000	0.000000036
-9.460000	0.000000047
-9.450000	0.000000024
-9.440000	0.000000059
-9.430000	0.000000000
-9.420000	0.000000036
-9.410000	0.000000024
-9.400000	0.000000024
-9.390000	0.000000036
-9.380000	0.000000012
-9.370000	0.000000047
-9.360000	0.000000000
-9.350000	0.000000012
-9.340000	0.000000024
-9.330000	0.000000047
-9.320000	0.000000036
-9.310000	0.000000036
-9.300000	0.000000047
-9.290000	0.000000047
-9.280000	0.000000024
-9.270000	0.000000047
-9.260000	0.000000000
-9.250000	0.000000036
-9.240000	0.000000059
-9.230000	0.000000047
-9.220000	0.000000059
-9.210000	0.000000024
-9.200000	0.000000012
-9.190000	0.000000047
-9.180000	0.000000000
-9.170000	0.000000036
-9.160000	0.000000024
-9.150000	0.000000036
-9.140000	0.000000024
-9.130000	0.000000036
-9.120000	0.000000059
-9.110000	0.000000000
-9.100000	0.000000012
-9.090000	0.000000024
-9.080000	0.000000036
-9.070000	0.000000036
-9.060000	0.000000012
-9.050000	0.000000024
-9.040000	0.000000071
-9.030000	0.000000012
-9.020000	0.000000024
-9.010000	0.000000024
-9.000000	0.000000059
-8.990000	0.000000024
-8.980000	0.000000071
-8.970000	0.000000036
-8.960000	0.000000012
-8.950000	0.000000083
-8.940000	0.000000083
-8.930000	0.000000083
-8.920000	0.000000059
-8.910000	0.000000047
-8.900000	0.000000107
-8.890000	0.000000047
-8.880000	0.000000083
-8.870000	0.000000059
-8.860000	0.000000071
-8.850000	0.000000036
-8.840000	0.000000083
-8.830000	0.000000024
-8.820000	0.000000095
-8.810000	0.000000024
-8.800000	0.000000024
-8.790000	0.000000071
-8.780000	0.000000107
-8.770000	0.000000071
-8.760000	0.000000107
-8.750000	0.000000036
-8.740000	0.000000083
-8.730000	0.000000047
-8.720000	0.000000071
-8.710000	0.000000083
-8.700000	0.000000071
-8.690000	0.000000095
-8.680000	0.000000083
-8.670000	0.000000119
-8.660000	0.000000214
-8.650000	0.000000095
-8.640000	0.000000119
-8.630000	0.000000131
-8.620000	0.000000119
-8.610000	0.000000083
-8.600000	0.000000202
-8.590000	0.000000166
-8.580000	0.000000154
-8.570000	0.000000214
-8.560000	0.000000166
-8.550000	0.000000142
-8.540000	0.000000237
-8.530000	0.000000237
-8.520000	0.000000249
-8.510000	0.000000202
-8.500000	0.000000273
-8.490000	0.000000237
-8.480000	0.000000237
-8.470000	0.000000202
-8.460000	0.000000190
-8.450000	0.000000261
-8.440000	0.000000249
-8.430000	0.000000237
-8.420000	0.000000249
-8.410000	0.000000356
-8.400000	0.000000273
-8.390000	0.000000249
-8.380000	0.000000285
-8.370000	0.000000368
-8.360000	0.000000463
-8.350000	0.000000285
-8.340000	0.000000309
-8.330000	0.000000285
-8.320000	0.000000392
-8.310000	0.000000332
-8.300000	0.000000332
-8.290000	0.000000380
-8.280000	0.000000463
-8.270000	0.000000261
-8.260000	0.000000416
-8.250000	0.000000451
-8.240000	0.000000404
-8.230000	0.000000321
-8.220000	0.000000439
-8.210000	0.000000475
-8.200000	0.000000416
-8.190000	0.000000511
-8.180000	0.000000522
-8.170000	0.000000558
-8.160000	0.000000439
-8.150000	0.000000558
-8.140000	0.000000522
-8.130000	0.000000522
-8.120000	0.000000499
-8.110000	0.000000653
-8.100000	0.000000522
-8.090000	0.000000511
-8.080000	0.000000641
-8.070000	0.000000439
-8.060000	0.000000772
-8.050000	0.000000487
-8.040000	0.000000712
-8.030000	0.000000653
-8.020000	0.000000522
-8.010000	0.000000760
-8.000000	0.000000653
-7.990000	0.000000712
-7.980000	0.000000831
-7.970000	0.000000819
-7.960000	0.000000796
-7.950000	0.000000748
-7.940000	0.000000950
-7.930000	0.000000724
-7.920000	0.000000784
-7.910000	0.000000914
-7.900000	0.000000831
-7.890000	0.000000748
-7.880000	0.000000914
-7.870000	0.000000843
-7.860000	0.000000867
-7.850000	0.000000784
-7.840000	0.000001009
-7.830000	0.000000867
-7.820000	0.000001164
-7.810000	0.000001045
-7.800000	0.000001140
-7.790000	0.000001057
-7.780000	0.000001021
-7.770000	0.000000985
-7.760000	0.000001175
-7.750000	0.000001223
-7.740000	0.000001116
-7.730000	0.000001164
-7.720000	0.000001247
-7.710000	0.000001342
-7.700000	0.000001270
-7.690000	0.000001306
-7.680000	0.000001532
-7.670000	0.000001294
-7.660000	0.000001199
-7.650000	0.000001365
-7.640000	0.000001401
-7.630000	0.000001211
-7.620000	0.000001175
-7.610000	0.000001377
-7.600000	0.000001318
-7.590000	0.000001923
-7.580000	0.000001413
-7.570000	0.000001662
-7.560000	0.000001769
-7.550000	0.000001745
-7.540000	0.000001591
-7.530000	0.000001734
-7.520000	0.000001793
-7.510000	0.000001555
-7.500000	0.000001817
-7.490000	0.000001769
-7.480000	0.000001947
-7.470000	0.000001876
-7.460000	0.000001840
-7.450000	0.000002030
-7.440000	0.000002161
-7.430000	0.000002232
-7.420000	0.000001852
-7.410000	0.000002232
-7.400000	0.000002303
-7.390000	0.000002125
-7.380000	0.000002315
-7.370000	0.000002007
-7.360000	0.000002648
-7.350000	0.000002410
-7.340000	0.000002707
-7.330000	0.000002624
-7.320000	0.000002529
-7.310000	0.000002767
-7.300000	0.000002482
-7.290000	0.000002660
-7.280000	0.000002660
-7.270000	0.000003265
-7.260000	0.000002933
-7.250000	0.000002909
-7.240000	0.000002956
-7.230000	0.000003051
-7.220000	0.000003135
-7.210000	0.000003289
-7.200000	0.000003253
-7.190000	0.000003883
-7.180000	0.000003420
-7.170000	0.000003503
-7.160000	0.000003218
-7.150000	0.000003752
-7.140000	0.000003740
-7.130000	0.000004108
-7.120000	0.000003764
-7.110000	0.000004310
-7.100000	0.000004286
-7.090000	0.000004595
-7.080000	0.000004381
-7.070000	0.000004583
-7.060000	0.000004607
-7.050000	0.000004868
-7.040000	0.000004643
-7.030000	0.000004429
-7.020000	0.000005177
-7.010000	0.000004987
-7.000000	0.000005391
-6.990000	0.000005426
-6.980000	0.000005402
-6.970000	0.000005272
-6.960000	0.000005652
-6.950000	0.000005972
-6.940000	0.000005901
-6.930000	0.000006507
-6.920000	0.000006210
-6.910000	0.000006317
-6.900000	0.000006340
-6.890000	0.000006934
-6.880000	0.000006946
-6.870000	0.000006542
-6.860000	0.000007231
-6.850000	0.000006317
-6.840000	0.000007433
-6.830000	0.000007278
-6.820000	0.000008169
-6.810000	0.000007860
-6.800000	0.000008145
-6.790000	0.000007872
-6.780000	0.000007979
-6.770000	0.000008715
-6.760000	0.000009321
-6.750000	0.000009000
-6.740000	0.000008941
-6.730000	0.000009059
-6.720000	0.000009356
-6.710000	0.000009724
-6.700000	0.000010425
-6.690000	0.000010662
-6.680000	0.000009487
-6.670000	0.000010817
-6.660000	0.000010805
-6.650000	0.000010924
-6.640000	0.000010650
-6.630000	0.000011363
-6.620000	0.000011161
-6.610000	0.000012016
-6.600000	0.000012170
-6.590000	0.000012491
-6.580000	0.000011957
-6.570000	0.000013381
-6.560000	0.000013203
-6.550000	0.000013191
-6.540000	0.000013001
-6.530000	0.000013595
-6.520000	0.000014141
-6.510000	0.000013714
-6.500000	0.000014414
-6.490000	0.000014711
-6.480000	0.000014331
-6.470000	0.000015578
-6.460000	0.000015768
-6.450000	0.000016017
-6.440000	0.000015542
-6.430000	0.000016326
-6.420000	0.000017228
-6.410000	0.000017596
-6.400000	0.000017834
-6.390000	0.000017929
-6.380000	0.000017905
-6.370000	0.000017988
-6.360000	0.000018143
-6.350000	0.000018653
-6.340000	0.000019698
-6.330000	0.000019579
-6.320000	0.000019674
-6.310000	0.000019674
-6.300000	0.000021087
-6.290000	0.000020850
-6.280000	0.000020897
-6.270000	0.000021479
-6.260000	0.000021325
-6.250000	0.000022666
-6.240000	0.000022037
-6.230000	0.000022999
-6.220000	0.000022797
-6.210000	0.000023189
-6.200000	0.000023545
-6.190000	0.000025896
-6.180000	0.000024637
-6.170000	0.000024994
-6.160000	0.000024922
-6.150000	0.000027214
-6.140000	0.000026810
-6.130000	0.000026846
-6.120000	0.000027333
-6.110000	0.000027938
-6.100000	0.000029185
-6.090000	0.000030206
-6.080000	0.000030289
-6.070000	0.000028983
-6.060000	0.000030562
-6.050000	0.000031702
-6.040000	0.000031940
-6.030000	0.000032177
-6.020000	0.000033068
-6.010000	0.000033626
-6.000000	0.000033780
-5.990000	0.000034932
-5.980000	0.000035608
-5.970000	0.000036107
-5.960000	0.000036820
-5.950000	0.000037579
-5.940000	0.000038126
-5.930000	0.000038529
-5.920000	0.000039776
-5.910000	0.000038969
-5.900000	0.000041973
-5.890000	0.000041391
-5.880000	0.000042768
-5.870000	0.000041711
-5.860000	0.000044157
-5.850000	0.000046401
-5.840000	0.000045416
-5.830000	0.000046544
-5.820000	0.000047755
-5.810000	0.000047612
-5.800000	0.000050296
-5.790000	0.000050153
-5.780000	0.000051578
-5.770000	0.000052077
-5.760000	0.000054083
-5.750000	0.000054665
-5.740000	0.000054416
-5.730000	0.000055948
-5.720000	0.000057574
-5.710000	0.000057954
-5.700000	0.000058809
-5.690000	0.000059201
-5.680000	0.000060495
-5.670000	0.000061694
-5.660000	0.000062977
-5.650000	0.000064247
-5.640000	0.000064686
-5.630000	0.000066171
-5.620000	0.000067987
-5.610000	0.000070077
-5.600000	0.000070861
-5.590000	0.000071157
-5.580000	0.000072060
-5.570000	0.000075361
-5.560000	0.000076394
-5.550000	0.000079386
-5.540000	0.000080098
-5.530000	0.000080312
-5.520000	0.000081487
-5.510000	0.000083150
-5.500000	0.000084539
-5.490000	0.000087222
-5.480000	0.000088623
-5.470000	0.000089977
-5.460000	0.000092363
-5.450000	0.000093171
-5.440000	0.000095534
-5.430000	0.000094833
-5.420000	0.000097612
-5.410000	0.000101553
-5.400000	0.000100449
-5.390000	0.000104166
-5.380000	0.000103916
-5.370000	0.000106196
-5.360000	0.000108915
-5.350000	0.000109687
-5.340000	0.000114567
-5.330000	0.000115671
-5.320000	0.000118639
-5.310000	0.000119910
-5.300000	0.000121928
-5.290000	0.000122035
-5.280000	0.000126310
-5.270000	0.000129658
-5.260000	0.000130881
-5.250000	0.000135998
-5.240000	0.000138682
-5.230000	0.000139501
-5.220000	0.000142731
-5.210000	0.000147872
-5.200000	0.000147444
-5.190000	0.000150306
-5.180000	0.000151184
-5.170000	0.000158403
-5.160000	0.000159128
-5.150000	0.000163295
-5.140000	0.000167617
-5.130000	0.000167546
-5.120000	0.000171334
-5.110000	0.000174160
-5.100000	0.000178339
-5.090000	0.000180785
-5.080000	0.000186009
-5.070000	0.000188158
-5.060000	0.000188966
-5.050000	0.000197277
-5.040000	0.000198975
-5.030000	0.000200578
-5.020000	0.000203285
-5.010000	0.000208581
-5.000000	0.000212356
-4.990000	0.000216512
-4.980000	0.000219077
-4.970000	0.000227721
-4.960000	0.000227459
-4.950000	0.000234773
-4.940000	0.000235130
-4.930000	0.000241874
-4.920000	0.000248036
-4.910000	0.000254614
-4.900000	0.000257844
-4.890000	0.000262355
-4.880000	0.000266772
-4.870000	0.000271925
-4.860000	0.000274609
-4.850000	0.000281852
-4.840000	0.000284582
-4.830000	0.000289427
-4.820000	0.000292538
-4.810000	0.000300196
-4.800000	0.000309517
-4.790000	0.000312521
-4.780000	0.000321509
-4.770000	0.000326436
-4.760000	0.000333976
-4.750000	0.000336303
-4.740000	0.000346253
-4.730000	0.000350765
-4.720000	0.000357343
-4.710000	0.000366723
-4.700000	0.000370131
-4.690000	0.000377183
-4.680000	0.000388594
-4.670000	0.000393628
-4.660000	0.000403020
-4.650000	0.000408031
-4.640000	0.000407306
-4.630000	0.000420272
-4.620000	0.000433226
-4.610000	0.000433463
-4.600000	0.000444826
-4.590000	0.000454183
-4.580000	0.000459181
-4.570000	0.000475959
-4.560000	0.000478796
-4.550000	0.000489423
-4.540000	0.000495158
-4.530000	0.000509418
-4.520000	0.000517563
-4.510000	0.000526611
-4.500000	0.000534720
-4.490000	0.000545798
-4.480000	0.000554620
-4.470000	0.000561982
-4.460000	0.000574651
-4.450000	0.000582831
-4.440000	0.000597151
-4.430000	0.000607350
-4.420000	0.000620981
-4.410000	0.000626811
-4.400000	0.000639610
-4.390000	0.000651270
-4.380000	0.000666753
-4.370000	0.000678614
-4.360000	0.000686106
-4.350000	0.000700450
-4.340000	0.000711622
-4.330000	0.000721810
-4.320000	0.000736889
-4.310000	0.000750342
-4.300000	0.000765504
-4.290000	0.000778767
-4.280000	0.000791483
-4.270000	0.000806064
-4.260000	0.000818590
-4.250000	0.000839594
-4.240000	0.000856977
-4.230000	0.000873077
-4.220000	0.000882386
-4.210000	0.000897762
-4.200000	0.000920880
-4.190000	0.000939165
-4.180000	0.000953413
-4.170000	0.000975415
-4.160000	0.000987086
-4.150000	0.001004196
-4.140000	0.001020047
-4.130000	0.001045860
-4.120000	0.001061165
-4.110000	0.001082727
-4.100000	0.001096927
-4.090000	0.001124153
-4.080000	0.001139636
-4.070000	0.001160735
-4.060000	0.001177845
-4.050000	0.001203622
-4.040000	0.001227654
-4.030000	0.001247767
-4.020000	0.001264984
-4.010000	0.001295309
-4.000000	0.001321858
-3.990000	0.001333066
-3.980000	0.001371857
-3.970000	0.001390712
-3.960000	0.001412713
-3.950000	0.001434513
-3.940000	0.001470620
-3.930000	0.001493631
-3.920000	0.001520821
-3.910000	0.001540697
-3.900000	0.001579072
-3.890000	0.001608554
-3.880000	0.001639626
-3.870000	0.001671566
-3.860000	0.001696939
-3.850000	0.001734650
-3.840000	0.001757494
-3.830000	0.001793245
-3.820000	0.001830575
-3.810000	0.001857160
-3.800000	0.001880420
-3.790000	0.001926121
-3.780000	0.001965315
-3.770000	0.001990914
-3.760000	0.002033017
-3.750000	0.002080309
-3.740000	0.002103272
-3.730000	0.002152250
-3.720000	0.002200860
-3.710000	0.002216865
-3.700000	0.002276838
-3.690000	0.002311449
-3.680000	0.002353172
-3.670000	0.002396024
-3.660000	0.002440347
-3.650000	0.002493647
-3.640000	0.002534468
-3.630000	0.002575075
-3.620000	0.002629788
-3.610000	0.002663876
-3.600000	0.002710955
-3.590000	0.002760324
-3.580000	0.002822874
-3.570000	0.002882193
-3.560000	0.002933237
-3.550000	0.002983949
-3.540000	0.003037082
-3.530000	0.003099121
-3.520000	0.003161183
-3.510000	0.003199606
-3.500000	0.003274052
-3.490000	0.003333218
-3.480000	0.003388013
-3.470000	0.003451477
-3.460000	0.003513908
-3.450000	0.003575008
-3.440000	0.003626230
-3.430000	0.003710140
-3.420000	0.003785584
-3.410000	0.003858213
-3.400000	0.003920846
-3.390000	0.003992538
-3.380000	0.004066723
-3.370000	0.004138878
-3.360000	0.004207411
-3.350000	0.004279008
-3.340000	0.004372096
-3.330000	0.004440012
-3.320000	0.004526415
-3.310000	0.004612925
-3.300000	0.004692583
-3.290000	0.004777799
-3.280000	0.004868358
-3.270000	0.004967347
-3.260000	0.005053465
-3.250000	0.005149402
-3.240000	0.005248545
-3.230000	0.005318492
-3.220000	0.005432750
-3.210000	0.005528153
-3.200000	0.005625812
-3.190000	0.005728042
-3.180000	0.005838643
-3.170000	0.005941966
-3.160000	0.006049005
-3.150000	0.006171491
-3.140000	0.006273246
-3.130000	0.006386353
-3.120000	0.006501644
-3.110000	0.006622658
-3.100000	0.006742580
-3.090000	0.006850177
-3.080000	0.006984620
-3.070000	0.007112295
-3.060000	0.007235185
-3.050000	0.007371207
-3.040000	0.007502657
-3.030000	0.007653604
-3.020000	0.007778454
-3.010000	0.007921042
-3.000000	0.008065755
-2.990000	0.008228564
-2.980000	0.008360976
-2.970000	0.008521196
-2.960000	0.008672048
-2.950000	0.008822330
-2.940000	0.008967946
-2.930000	0.009140622
-2.920000	0.009321632
-2.910000	0.009472223
-2.900000	0.009662234
-2.890000	0.009823605
-2.880000	0.009995473
-2.870000	0.010195101
-2.860000	0.010372419
-2.850000	0.010547731
-2.840000	0.010755706
-2.830000	0.010930138
-2.820000	0.011118962
-2.810000	0.011336245
-2.800000	0.011532015
-2.790000	0.011755223
-2.780000	0.011961358
-2.770000	0.012193116
-2.760000	0.012394738
-2.750000	0.012597252
-2.740000	0.012839292
-2.730000	0.013089085
-2.720000	0.013316212
-2.710000	0.013527239
-2.700000	0.013799366
-2.690000	0.014031028
-2.680000	0.014311894
-2.670000	0.014531019
-2.660000	0.014799608
-2.650000	0.015155253
-2.640000	0.015311412
-2.630000	0.015577425
-2.620000	0.015888912
-2.610000	0.016171856
-2.600000	0.016462601
-2.590000	0.016738397
-2.580000	0.017020688
-2.570000	0.017344560
-2.560000	0.017616485
-2.550000	0.017914081
-2.540000	0.018270058
-2.530000	0.018563997
-2.520000	0.018921993
-2.510000	0.019251885
-2.500000	0.019568003
-2.490000	0.019951361
-2.480000	0.020256888
-2.470000	0.020633786
-2.460000	0.020982984
-2.450000	0.021376802
-2.440000	0.021750317
-2.430000	0.022126705
-2.420000	0.022490910
-2.410000	0.022930227
-2.400000	0.023299563
-2.390000	0.023709540
-2.380000	0.024136129
-2.370000	0.024560141
-2.360000	0.025050740
-2.350000	0.025393360
-2.340000	0.025874756
-2.330000	0.026307947
-2.320000	0.026749164
-2.310000	0.027207739
-2.300000	0.027704346
-2.290000	0.028192498
-2.280000	0.028683560
-2.270000	0.029147146
-2.260000	0.029661444
-2.250000	0.030181655
-2.240000	0.030733556
-2.230000	0.031216306
-2.220000	0.031884828
-2.210000	0.032326615
-2.200000	0.032870834
-2.190000	0.033439999
-2.180000	0.034037042
-2.170000	0.034599713
-2.160000	0.035256373
-2.150000	0.035784610
-2.140000	0.036383827
-2.130000	0.037030395
-2.120000	0.037676915
-2.110000	0.038294358
-2.100000	0.038962915
-2.090000	0.039640128
-2.080000	0.040338120
-2.070000	0.041012116
-2.060000	0.041774651
-2.050000	0.042376077
-2.040000	0.043099204
-2.030000	0.043906266
-2.020000	0.044587848
-2.010000	0.045390635
-2.000000	0.046057898
-1.990000	0.046826857
-1.980000	0.047613437
-1.970000	0.048464038
-1.960000	0.049256590
-1.950000	0.050074515
-1.940000	0.050905893
-1.930000	0.051898667
-1.920000	0.052643950
-1.910000	0.053446749
-1.900000	0.054343906
-1.890000	0.055306604
-1.880000	0.056191578
-1.870000	0.057160605
-1.860000	0.058034834
-1.850000	0.059023820
-1.840000	0.059951670
-1.830000	0.060956210
-1.820000	0.061950373
-1.810000	0.062956326
-1.800000	0.064015436
-1.790000	0.065082573
-1.780000	0.066109720
-1.770000	0.067288325
-1.760000	0.068403893
-1.750000	0.069400146
-1.740000	0.070566628
-1.730000	0.071707487
-1.720000	0.072862499
-1.710000	0.074026179
-1.700000	0.075223781
-1.690000	0.076463201
-1.680000	0.077715896
-1.670000	0.078994059
-1.660000	0.080196648
-1.650000	0.081476439
-1.640000	0.082768328
-1.630000	0.084140410
-1.620000	0.085561684
-1.610000	0.086791332
-1.600000	0.088168247
-1.590000	0.089565014
-1.580000	0.091006248
-1.570000	0.092564600
-1.560000	0.094025662
-1.550000	0.095307008
-1.540000	0.096857168
-1.530000	0.098338604
-1.520000	0.099921523
-1.510000	0.101448863
-1.500000	0.103031378
-1.490000	0.104618726
-1.480000	0.106325271
-1.470000	0.107916501
-1.460000	0.109635442
-1.450000	0.111237893
-1.440000	0.112998581
-1.430000	0.114854695
-1.420000	0.116446567
-1.410000	0.118289751
-1.400000	0.120076228
-1.390000	0.121833877
-1.380000	0.123788149
-1.370000	0.125611078
-1.360000	0.127431002
-1.350000	0.129413355
-1.340000	0.131645989
-1.330000	0.133293938
-1.320000	0.135693263
-1.310000	0.137568802
-1.300000	0.139530128
-1.290000	0.141395444
-1.280000	0.143769752
-1.270000	0.145784258
-1.260000	0.147891947
-1.250000	0.150070710
-1.240000	0.152324075
-1.230000	0.154319097
-1.220000	0.156701549
-1.210000	0.158845998
-1.200000	0.161363190
-1.190000	0.163467816
-1.180000	0.165884571
-1.170000	0.168520865
-1.160000	0.170637163
-1.150000	0.173260040
-1.140000	0.175814455
-1.130000	0.177973141
-1.120000	0.180632755
-1.110000	0.182903513
-1.100000	0.185581496
-1.090000	0.188366267
-1.080000	0.190814213
-1.070000	0.193437685
-1.060000	0.196493111
-1.050000	0.198755820
-1.040000	0.201819036
-1.030000	0.204351438
-1.020000	0.206692475
-1.010000	0.210046424
-1.000000	0.212695304
-0.990000	0.215481809
-0.980000	0.218002219
-0.970000	0.221282172
-0.960000	0.224165874
-0.950000	0.227337696
-0.940000	0.229935995
-0.930000	0.233092204
-0.920000	0.235703872
-0.910000	0.238938885
-0.900000	0.242360049
-0.890000	0.245263199
-0.880000	0.248011424
-0.870000	0.251274470
-0.860000	0.254313856
-0.850000	0.257300630
-0.840000	0.260463048
-0.830000	0.263950110
-0.820000	0.267130861
-0.810000	0.270370931
-0.800000	0.273659956
-0.790000	0.276594606
-0.780000	0.280244512
-0.770000	0.283381343
-0.760000	0.286470075
-0.750000	0.289856248
-0.740000	0.293482300
-0.730000	0.296758038
-0.720000	0.300253138
-0.710000	0.303388948
-0.700000	0.306934795
-0.690000	0.310204074
-0.680000	0.313375979
-0.670000	0.317118890
-0.660000	0.320304806
-0.650000	0.323903703
-0.640000	0.327176236
-0.630000	0.330569402
-0.620000	0.334076779
-0.610000	0.337733774
-0.600000	0.341174612
-0.590000	0.344192269
-0.580000	0.347924019
-0.570000	0.351361936
-0.560000	0.354467006
-0.550000	0.357983027
-0.540000	0.361097013
-0.530000	0.364593087
-0.520000	0.368118239
-0.510000	0.371006048
-0.500000	0.374619396
-0.490000	0.377695755
-0.480000	0.381105058
-0.470000	0.384315065
-0.460000	0.387138354
-0.450000	0.390622340
-0.440000	0.393994705
-0.430000	0.397028925
-0.420000	0.400181691
-0.410000	0.402797254
-0.400000	0.406130519
-0.390000	0.409238509
-0.380000	0.412041174
-0.370000	0.414821589
-0.360000	0.417673065
-0.350000	0.420821805
-0.340000	0.423464179
-0.330000	0.426068166
-0.320000	0.428855324
-0.310000	0.431137992
-0.300000	0.433854587
-0.290000	0.436237775
-0.280000	0.438812553
-0.270000	0.441459866
-0.260000	0.443402610
-0.250000	0.445742329
-0.240000	0.447791922
-0.230000	0.450344627
-0.220000	0.452364132
-0.210000	0.453819317
-0.200000	0.456045918
-0.190000	0.457919523
-0.180000	0.459704492
-0.170000	0.460770394
-0.160000	0.462321777
-0.150000	0.463756076
-0.140000	0.465568770
-0.130000	0.466630160
-0.120000	0.467719476
-0.110000	0.468516932
-0.100000	0.469726906
-0.090000	0.471063130
-0.080000	0.471496511
-0.070000	0.472597416
-0.060000	0.472782523
-0.050000	0.473298435
-0.040000	0.473599166
-0.030000	0.473566525
-0.020000	0.473939126
-0.010000	0.474167488
0.000000	0.474050617
0.010000	0.473617071
0.020000	0.474050214
0.030000	0.473163149
0.040000	0.472901969
0.050000	0.473002715
0.060000	0.472121730
0.070000	0.471563513
0.080000	0.470214405
0.090000	0.469656746
0.100000	0.468234059
0.110000	0.467451445
0.120000	0.466196387
0.130000	0.465384838
0.140000	0.463292929
0.150000	0.461945698
0.160000	0.460382690
0.170000	0.459094435
0.180000	0.457393826
0.190000	0.455197609
0.200000	0.453899059
0.210000	0.451923533
0.220000	0.449442709
0.230000	0.447677414
0.240000	0.445312214
0.250000	0.442885272
0.260000	0.440492787
0.270000	0.438144162
0.280000	0.435977866
0.290000	0.433850146
0.300000	0.430658365
0.310000	0.427972463
0.320000	0.425425837
0.330000	0.422173370
0.340000	0.419759180
0.350000	0.417142038
0.360000	0.414197841
0.370000	0.411416501
0.380000	0.408159024
0.390000	0.405421616
0.400000	0.402794381
0.410000	0.399264943
0.420000	0.396549642
0.430000	0.393030083
0.440000	0.389831558
0.450000	0.387062637
0.460000	0.383545369
0.470000	0.380297296
0.480000	0.376752624
0.490000	0.373356656
0.500000	0.370406428
0.510000	0.367465402
0.520000	0.363603911
0.530000	0.359856322
0.540000	0.356874986
0.550000	0.353188641
0.560000	0.349920074
0.570000	0.346510486
0.580000	0.343210099
0.590000	0.339971192
0.600000	0.336120969
0.610000	0.332916483
0.620000	0.329575584
0.630000	0.326293802
0.640000	0.322455476
0.650000	0.318887996
0.660000	0.315314163
0.670000	0.311991513
0.680000	0.308545450
0.690000	0.305129024
0.700000	0.301826831
0.710000	0.298678816
0.720000	0.295157760
0.730000	0.291944702
0.740000	0.288903594
0.750000	0.285169779
0.760000	0.281711689
0.770000	0.278462939
0.780000	0.275307288
0.790000	0.271677235
0.800000	0.268626498
0.810000	0.265098200
0.820000	0.262302576
0.830000	0.259109797
0.840000	0.256001712
0.850000	0.252521537
0.860000	0.249244967
0.870000	0.246445746
0.880000	0.243177452
0.890000	0.240089314
0.900000	0.236681686
0.910000	0.233873772
0.920000	0.230653352
0.930000	0.228230412
0.940000	0.224894891
0.950000	0.222127015
0.960000	0.219025412
0.970000	0.216235998
0.980000	0.213470806
0.990000	0.210458776
1.000000	0.207573045
1.010000	0.204779760
1.020000	0.202312638
1.030000	0.199454572
1.040000	0.196915390
1.050000	0.193828261
1.060000	0.191411388
1.070000	0.188809301
1.080000	0.185884565
1.090000	0.183365343
1.100000	0.180742655
1.110000	0.178333013
1.120000	0.176113084
1.130000	0.173276069
1.140000	0.170996536
1.150000	0.168486409
1.160000	0.166272143
1.170000	0.163680173
1.180000	0.161278889
1.190000	0.159000270
1.200000	0.156569125
1.210000	0.154399124
1.220000	0.152234632
1.230000	0.150195441
1.240000	0.147748124
1.250000	0.145795585
1.260000	0.143429150
1.270000	0.141250399
1.280000	0.139277497
1.290000	0.137387151
1.300000	0.135092776
1.310000	0.133273065
1.320000	0.131125647
1.330000	0.129263346
1.340000	0.127442508
1.350000	0.125334569
1.360000	0.123707161
1.370000	0.121593594
1.380000	0.119898780
1.390000	0.118075483
1.400000	0.116205999
1.410000	0.114420638
1.420000	0.112655878
1.430000	0.110903097
1.440000	0.109392072
1.450000	0.107574997
1.460000	0.106008998
1.470000	0.104565948
1.480000	0.102854238
1.490000	0.101201373
1.500000	0.099673012
1.510000	0.098160337
1.520000	0.096481884
1.530000	0.095070774
1.540000	0.093647600
1.550000	0.092228262
1.560000	0.090725512
1.570000	0.089499331
1.580000	0.087836682
1.590000	0.086664904
1.600000	0.085268612
1.610000	0.083921238
1.620000	0.082503847
1.630000	0.081191144
1.640000	0.079997199
1.650000	0.078695573
1.660000	0.077449029
1.670000	0.076227608
1.680000	0.075115198
1.690000	0.073952041
1.700000	0.072649003
1.710000	0.071696195
1.720000	0.070370146
1.730000	0.069215775
1.740000	0.068192380
1.750000	0.067050488
1.760000	0.066095781
1.770000	0.064936162
1.780000	0.063953670
1.790000	0.062930145
1.800000	0.061854910
1.810000	0.060958466
1.820000	0.059832140
1.830000	0.058983272
1.840000	0.057980549
1.850000	0.057052236
1.860000	0.056060923
1.870000	0.055264738
1.880000	0.054373862
1.890000	0.053725858
1.900000	0.052543560
1.910000	0.051703242
1.920000	0.050964132
1.930000	0.050032554
1.940000	0.049339098
1.950000	0.048728008
1.960000	0.047618281
1.970000	0.046865137
1.980000	0.046229232
1.990000	0.045424225
2.000000	0.044597335
2.010000	0.043967283
2.020000	0.043420013
2.030000	0.042425054
2.040000	0.041838780
2.050000	0.041062625
2.060000	0.040381256
2.070000	0.039745588
2.080000	0.039092205
2.090000	0.038440543
2.100000	0.037787089
2.110000	0.037279594
2.120000	0.036568435
2.130000	0.035949176
2.140000	0.035449352
2.150000	0.034892785
2.160000	0.034222517
2.170000	0.033660322
2.180000	0.033259178
2.190000	0.032610414
2.200000	0.032045784
2.210000	0.031544120
2.220000	0.030997206
2.230000	0.030535293
2.240000	0.029992618
2.250000	0.029539528
2.260000	0.029055020
2.270000	0.028566642
2.280000	0.028183546
2.290000	0.027615616
2.300000	0.027152801
2.310000	0.026745946
2.320000	0.026259764
2.330000	0.025813240
2.340000	0.025422580
2.350000	0.025007164
2.360000	0.024578403
2.370000	0.024182839
2.380000	0.023856937
2.390000	0.023389349
2.400000	0.023010409
2.410000	0.022634306
2.420000	0.022233399
2.430000	0.021860277
2.440000	0.021520043
2.450000	0.021257344
2.460000	0.020816032
2.470000	0.020471856
2.480000	0.020155168
2.490000	0.019799464
2.500000	0.019462187
2.510000	0.019151139
2.520000	0.018826543
2.530000	0.018525266
2.540000	0.018198082
2.550000	0.017880004
2.560000	0.017613374
2.570000	0.017329955
2.580000	0.017040113
2.590000	0.016735464
2.600000	0.016467505
2.610000	0.016214494
2.620000	0.015922775
2.630000	0.015675333
2.640000	0.015426252
2.650000	0.015158874
2.660000	0.014905887
2.670000	0.014662529
2.680000	0.014409589
2.690000	0.014170719
2.700000	0.013938237
2.710000	0.013689275
2.720000	0.013486928
2.730000	0.013235579
2.740000	0.013033363
2.750000	0.012798601
2.760000	0.012609446
2.770000	0.012378579
2.780000	0.012168502
2.790000	0.011961928
2.800000	0.011756458
2.810000	0.011592474
2.820000	0.011370465
2.830000	0.011204688
2.840000	0.010996309
2.850000	0.010820119
2.860000	0.010640035
2.870000	0.010460176
2.880000	0.010294078
2.890000	0.010133989
2.900000	0.009951874
2.910000	0.009794183
2.920000	0.009617209
2.930000	0.009451053
2.940000	0.009318783
2.950000	0.009152495
2.960000	0.009001572
2.970000	0.008858829
2.980000	0.008701423
2.990000	0.008561804
3.000000	0.008426886
3.010000	0.008285758
3.020000	0.008137673
3.030000	0.008010318
3.040000	0.007876030
3.050000	0.007739058
3.060000	0.007617533
3.070000	0.007495545
3.080000	0.007366030
3.090000	0.007258730
3.100000	0.007126614
3.110000	0.007004472
3.120000	0.006899475
3.130000	0.006766208
3.140000	0.006677062
3.150000	0.006555810
3.160000	0.006429952
3.170000	0.006322082
3.180000	0.006230466
3.190000	0.006139136
3.200000	0.006019879
3.210000	0.005897583
3.220000	0.005822733
3.230000	0.005734798
3.240000	0.005635358
3.250000	0.005528200
3.260000	0.005442901
3.270000	0.005350134
3.280000	0.005262271
3.290000	0.005175761
3.300000	0.005091828
3.310000	0.005004427
3.320000	0.004906377
3.330000	0.004839933
3.340000	0.004759407
3.350000	0.004680876
3.360000	0.004601253
3.370000	0.004523636
3.380000	0.004438860
3.390000	0.004362585
3.400000	0.004298860
3.410000	0.004227893
3.420000	0.004148721
3.430000	0.004086148
3.440000	0.004030972
3.450000	0.003949283
3.460000	0.003888538
3.470000	0.003819423
3.480000	0.003757040
3.490000	0.003693909
3.500000	0.003648671
3.510000	0.003588580
3.520000	0.003517814
3.530000	0.003458945
3.540000	0.003398581
3.550000	0.003347941
3.560000	0.003286911
3.570000	0.003235998
3.580000	0.003176215
3.590000	0.003130360
3.600000	0.003067704
3.610000	0.003014202
3.620000	0.002982702
3.630000	0.002926873
3.640000	0.002884010
3.650000	0.002822838
3.660000	0.002774929
3.670000	0.002737634
3.680000	0.002695733
3.690000	0.002662998
3.700000	0.002604153
3.710000	0.002558808
3.720000	0.002512443
3.730000	0.002480990
3.740000	0.002437747
3.750000	0.002398422
3.760000	0.002359050
3.770000	0.002323869
3.780000	0.002283772
3.790000	0.002245623
3.800000	0.002208174
3.810000	0.002167626
3.820000	0.002135853
3.830000	0.002102215
3.840000	0.002075868
3.850000	0.002037945
3.860000	0.002001541
3.870000	0.001970420
3.880000	0.001932140
3.890000	0.001901424
3.900000	0.001874079
3.910000	0.001845298
3.920000	0.001817099
3.930000	0.001784447
3.940000	0.001751771
3.950000	0.001717504
3.960000	0.001695052
3.970000	0.001666282
3.980000	0.001643735
3.990000	0.001618029
4.000000	0.001583204
4.010000	0.001566154
4.020000	0.001535342
4.030000	0.001514397
4.040000	0.001487848
4.050000	0.001463947
4.060000	0.001429015
4.070000	0.001420894
4.080000	0.001391899
4.090000	0.001361681
4.100000	0.001347160
4.110000	0.001324790
4.120000	0.001304499
4.130000	0.001279743
4.140000	0.001257302
4.150000	0.001242804
4.160000	0.001216718
4.170000	0.001199039
4.180000	0.001178854
4.190000	0.001167349
4.200000	0.001147568
4.210000	0.001126231
4.220000	0.001109418
4.230000	0.001090100
4.240000	0.001072717
4.250000	0.001049552
4.260000	0.001032455
4.270000	0.001022113
4.280000	0.001006321
4.290000	0.000983702
4.300000	0.000974049
4.310000	0.000951490
4.320000	0.000937705
4.330000	0.000923397
4.340000	0.000909968
4.350000	0.000889142
4.360000	0.000881282
4.370000	0.000864101
4.380000	0.000851017
4.390000	0.000840283
4.400000	0.000821582
4.410000	0.000815764
4.420000	0.000797159
4.430000	0.000788598
4.440000	0.000769624
4.450000	0.000758107
4.460000	0.000744571
4.470000	0.000727865
4.480000	0.000721418
4.490000	0.000714733
4.500000	0.000700972
4.510000	0.000687187
4.520000	0.000673556
4.530000	0.000660234
4.540000	0.000658073
4.550000	0.000648111
4.560000	0.000630171
4.570000	0.000621681
4.580000	0.000610401
4.590000	0.000599300
4.600000	0.000584244
4.610000	0.000577844
4.620000	0.000573095
4.630000	0.000561625
4.640000	0.000551509
4.650000	0.000545489
4.660000	0.000534305
4.670000	0.000524651
4.680000	0.000514785
4.690000	0.000509833
4.700000	0.000500703
4.710000	0.000490361
4.720000	0.000481551
4.730000	0.000475210
4.740000	0.000464489
4.750000	0.000459158
4.760000	0.000448602
4.770000	0.000444280
4.780000	0.000437940
4.790000	0.000427610
4.800000	0.000424915
4.810000	0.000417161
4.820000	0.000409218
4.830000	0.000404706
4.840000	0.000392536
4.850000	0.000393569
4.860000	0.000383963
4.870000	0.000375901
4.880000	0.000369929
4.890000	0.000366022
4.900000	0.000357782
4.910000	0.000351561
4.920000	0.000348735
4.930000	0.000342192
4.940000	0.000338987
4.950000	0.000326698
4.960000	0.000324513
4.970000	0.000322103
4.980000	0.000311903
4.990000	0.000310324
5.000000	0.000301965
5.010000	0.000297928
5.020000	0.000294936
5.030000	0.000290294
5.040000	0.000285152
5.050000	0.000283514
5.060000	0.000274169
5.070000	0.000269883
5.080000	0.000267805
5.090000	0.000264801
5.100000	0.000258497
5.110000	0.000252952
5.120000	0.000245091
5.130000	0.000245032
5.140000	0.000241304
5.150000	0.000234940
5.160000	0.000233408
5.170000	0.000226747
5.180000	0.000223897
5.190000	0.000220383
5.200000	0.000217213
5.210000	0.000212523
5.220000	0.000207928
5.230000	0.000203143
5.240000	0.000205173
5.250000	0.000198726
5.260000	0.000196375
5.270000	0.000195235
5.280000	0.000190248
5.290000	0.000189286
5.300000	0.000183551
5.310000	0.000180488
5.320000	0.000179419
5.330000	0.000174777
5.340000	0.000170835
5.350000	0.000168520
5.360000	0.000166477
5.370000	0.000162132
5.380000	0.000161431
5.390000	0.000156907
5.400000	0.000154818
5.410000	0.000153547
5.420000	0.000148988
5.430000	0.000145165
5.440000	0.000145283
5.450000	0.000140997
5.460000	0.000138848
5.470000	0.000138777
5.480000	0.000134407
5.490000	0.000130560
5.500000	0.000130275
5.510000	0.000128637
5.520000	0.000126369
5.530000	0.000124149
5.540000	0.000123092
5.550000	0.000121050
5.560000	0.000118153
5.570000	0.000114792
5.580000	0.000111610
5.590000	0.000112050
5.600000	0.000108571
5.610000	0.000106552
5.620000	0.000105567
5.630000	0.000104522
5.640000	0.000104427
5.650000	0.000101542
5.660000	0.000098728
5.670000	0.000098039
5.680000	0.000094798
5.690000	0.000096104
5.700000	0.000091532
5.710000	0.000092625
5.720000	0.000089229
5.730000	0.000087115
5.740000	0.000087804
5.750000	0.000086082
5.760000	0.000085204
5.770000	0.000081036
5.780000	0.000082140
5.790000	0.000079540
5.800000	0.000078246
5.810000	0.000076026
5.820000	0.000077177
5.830000	0.000074399
5.840000	0.000072606
5.850000	0.000070920
5.860000	0.000070588
5.870000	0.000069911
5.880000	0.000067417
5.890000	0.000066752
5.900000	0.000066622
5.910000	0.000066562
5.920000	0.000064413
5.930000	0.000061872
5.940000	0.000061184
5.950000	0.000061516
5.960000	0.000059795
5.970000	0.000057349
5.980000	0.000058845
5.990000	0.000059450
6.000000	0.000058845
6.010000	0.000056423
6.020000	0.000054048
6.030000	0.000054832
6.040000	0.000052742
6.050000	0.000051008
6.060000	0.000049346
6.070000	0.000049310
6.080000	0.000049417
6.090000	0.000049109
6.100000	0.000049168
6.110000	0.000046508
6.120000	0.000047043
6.130000	0.000045736
6.140000	0.000044608
6.150000	0.000044324
6.160000	0.000043101
6.170000	0.000041901
6.180000	0.000042222
6.190000	0.000040975
6.200000	0.000039895
6.210000	0.000039847
6.220000	0.000038874
6.230000	0.000039040
6.240000	0.000037532
6.250000	0.000036380
6.260000	0.000036808
6.270000	0.000035775
6.280000	0.000035739
6.290000	0.000034742
6.300000	0.000033459
6.310000	0.000033293
6.320000	0.000033174
6.330000	0.000033056
6.340000	0.000031904
6.350000	0.000032153
6.360000	0.000032652
6.370000	0.000031381
6.380000	0.000031666
6.390000	0.000030075
6.400000	0.000029589
6.410000	0.000029126
6.420000	0.000027843
6.430000	0.000028662
6.440000	0.000027416
6.450000	0.000027356
6.460000	0.000027499
6.470000	0.000027083
6.480000	0.000027071
6.490000	0.000025469
6.500000	0.000025848
6.510000	0.000024127
6.520000	0.000024257
6.530000	0.000024174
6.540000	0.000023984
6.550000	0.000022631
6.560000	0.000023118
6.570000	0.000023403
6.580000	0.000022726
6.590000	0.000021740
6.600000	0.000022144
6.610000	0.000021574
6.620000	0.000021063
6.630000	0.000019852
6.640000	0.000020304
6.650000	0.000020410
6.660000	0.000019651
6.670000	0.000019342
6.680000	0.000018677
6.690000	0.000019259
6.700000	0.000018914
6.710000	0.000018107
6.720000	0.000018143
6.730000	0.000017988
6.740000	0.000017953
6.750000	0.000016718
6.760000	0.000016563
6.770000	0.000017133
6.780000	0.000016338
6.790000	0.000016029
6.800000	0.000015982
6.810000	0.000015994
6.820000	0.000014972
6.830000	0.000014486
6.840000	0.000014889
6.850000	0.000015174
6.860000	0.000013358
6.870000	0.000014414
6.880000	0.000013690
6.890000	0.000013559
6.900000	0.000013180
6.910000	0.000013013
6.920000	0.000013049
6.930000	0.000013156
6.940000	0.000012372
6.950000	0.000012550
6.960000	0.000012004
6.970000	0.000012218
6.980000	0.000011292
6.990000	0.000011695
7.000000	0.000011683
7.010000	0.000010484
7.020000	0.000010947
7.030000	0.000010484
7.040000	0.000010259
7.050000	0.000010520
7.060000	0.000010449
7.070000	0.000009855
7.080000	0.000009843
7.090000	0.000009380
7.100000	0.000009796
7.110000	0.000009404
7.120000	0.000009297
7.130000	0.000009036
7.140000	0.000009629
7.150000	0.000008668
7.160000	0.000008323
7.170000	0.000009143
7.180000	0.000007730
7.190000	0.000008216
7.200000	0.000008003
7.210000	0.000007979
7.220000	0.000007991
7.230000	0.000008062
7.240000	0.000007753
7.250000	0.000007706
7.260000	0.000007575
7.270000	0.000007884
7.280000	0.000006673
7.290000	0.000007314
7.300000	0.000006863
7.310000	0.000006590
7.320000	0.000006780
7.330000	0.000006768
7.340000	0.000006305
7.350000	0.000006946
7.360000	0.000006495
7.370000	0.000006186
7.380000	0.000006257
7.390000	0.000005937
7.400000	0.000005581
7.410000	0.000005877
7.420000	0.000005581
7.430000	0.000005521
7.440000	0.000005806
7.450000	0.000005426
7.460000	0.000004880
7.470000	0.000005236
7.480000	0.000005212
7.490000	0.000005189
7.500000	0.000004749
7.510000	0.000004856
7.520000	0.000004880
7.530000	0.000005022
7.540000	0.000004868
7.550000	0.000004583
7.560000	0.000004381
7.570000	0.000004405
7.580000	0.000004120
7.590000	0.000004346
7.600000	0.000003930
7.610000	0.000004132
7.620000	0.000004512
7.630000	0.000004061
7.640000	0.000004191
7.650000	0.000003894
7.660000	0.000003586
7.670000	0.000003277
7.680000	0.000003871
7.690000	0.000003693
7.700000	0.000003657
7.710000	0.000003479
7.720000	0.000003313
7.730000	0.000003657
7.740000	0.000003384
7.750000	0.000003158
7.760000	0.000003479
7.770000	0.000003087
7.780000	0.000003218
7.790000	0.000003170
7.800000	0.000002956
7.810000	0.000002885
7.820000	0.000002470
7.830000	0.000002968
7.840000	0.000003194
7.850000	0.000002600
7.860000	0.000002600
7.870000	0.000002695
7.880000	0.000002672
7.890000	0.000002458
7.900000	0.000002398
7.910000	0.000002280
7.920000	0.000002208
7.930000	0.000002007
7.940000	0.000002303
7.950000	0.000002244
7.960000	0.000002102
7.970000	0.000002482
7.980000	0.000002315
7.990000	0.000001995
8.000000	0.000001852
8.010000	0.000002030
8.020000	0.000002185
8.030000	0.000001900
8.040000	0.000001935
8.050000	0.000002090
8.060000	0.000001912
8.070000	0.000001995
8.080000	0.000001710
8.090000	0.000001674
8.100000	0.000001627
8.110000	0.000001662
8.120000	0.000001722
8.130000	0.000001674
8.140000	0.000001757
8.150000	0.000001484
8.160000	0.000001745
8.170000	0.000001437
8.180000	0.000001425
8.190000	0.000001971
8.200000	0.000001603
8.210000	0.000001342
8.220000	0.000001270
8.230000	0.000001710
8.240000	0.000001342
8.250000	0.000001330
8.260000	0.000001496
8.270000	0.000001354
8.280000	0.000000962
8.290000	0.000001270
8.300000	0.000001140
8.310000	0.000001175
8.320000	0.000001282
8.330000	0.000001104
8.340000	0.000001235
8.350000	0.000001057
8.360000	0.000001092
8.370000	0.000001211
8.380000	0.000001045
8.390000	0.000000974
8.400000	0.000000997
8.410000	0.000000902
8.420000	0.000000926
8.430000	0.000000891
8.440000	0.000000902
8.450000	0.000000807
8.460000	0.000000772
8.470000	0.000000784
8.480000	0.000000926
8.490000	0.000000843
8.500000	0.000000772
8.510000	0.000000784
8.520000	0.000000843
8.530000	0.000000938
8.540000	0.000000653
8.550000	0.000000843
8.560000	0.000000796
8.570000	0.000000855
8.580000	0.000000736
8.590000	0.000000641
8.600000	0.000000724
8.610000	0.000000641
8.620000	0.000000629
8.630000	0.000000665
8.640000	0.000000677
8.650000	0.000000558
8.660000	0.000000475
8.670000	0.000000736
8.680000	0.000000558
8.690000	0.000000843
8.700000	0.000000712
8.710000	0.000000665
8.720000	0.000000594
8.730000	0.000000499
8.740000	0.000000606
8.750000	0.000000380
8.760000	0.000000677
8.770000	0.000000594
8.780000	0.000000522
8.790000	0.000000594
8.800000	0.000000321
8.810000	0.000000356
8.820000	0.000000534
8.830000	0.000000522
8.840000	0.000000344
8.850000	0.000000451
8.860000	0.000000546
8.870000	0.000000427
8.880000	0.000000582
8.890000	0.000000392
8.900000	0.000000368
8.910000	0.000000356
8.920000	0.000000309
8.930000	0.000000392
8.940000	0.000000261
8.950000	0.000000392
8.960000	0.000000261
8.970000	0.000000309
8.980000	0.000000404
8.990000	0.000000214
9.000000	0.000000427
9.010000	0.000000380
9.020000	0.000000273
9.030000	0.000000321
9.040000	0.000000214
9.050000	0.000000309
9.060000	0.000000356
9.070000	0.000000214
9.080000	0.000000249
9.090000	0.000000249
9.100000	0.000000261
9.110000	0.000000285
9.120000	0.000000202
9.130000	0.000000249
9.140000	0.000000237
9.150000	0.000000249
9.160000	0.000000083
9.170000	0.000000261
9.180000	0.000000249
9.190000	0.000000285
9.200000	0.000000226
9.210000	0.000000166
9.220000	0.000000226
9.230000	0.000000226
9.240000	0.000000142
9.250000	0.000000190
9.260000	0.000000166
9.270000	0.000000249
9.280000	0.000000142
9.290000	0.000000249
9.300000	0.000000154
9.310000	0.000000202
9.320000	0.000000131
9.330000	0.000000178
9.340000	0.000000202
9.350000	0.000000166
9.360000	0.000000131
9.370000	0.000000119
9.380000	0.000000107
9.390000	0.000000154
9.400000	0.000000131
9.410000	0.000000071
9.420000	0.000000119
9.430000	0.000000142
9.440000	0.000000178
9.450000	0.000000202
9.460000	0.000000166
9.470000	0.000000047
9.480000	0.000000131
9.490000	0.000000107
9.500000	0.000000083
9.510000	0.000000047
9.520000	0.000000083
9.530000	0.000000071
9.540000	0.000000083
9.550000	0.000000107
9.560000	0.000000059
9.570000	0.000000059
9.580000	0.000000071
9.590000	0.000000095
9.600000	0.000000059
9.610000	0.000000024
9.620000	0.000000047
9.630000	0.000000059
9.640000	0.000000047
9.650000	0.000000071
9.660000	0.000000083
9.670000	0.000000071
9.680000	0.000000047
9.690000	0.000000059
9.700000	0.000000024
9.710000	0.000000000
9.720000	0.000000036
9.730000	0.000000071
9.740000	0.000000036
9.750000	0.000000024
9.760000	0.000000036
9.770000	0.000000059
9.780000	0.000000000
9.790000	0.000000012
9.800000	0.000000012
9.810000	0.000000000
9.820000	0.000000012
9.830000	0.000000012
9.840000	0.000000000
9.850000	0.000000012
9.860000	0.000000012
9.870000	0.000000047
9.880000	0.000000024
9.890000	0.000000024
9.900000	0.000000047
9.910000	0.000000024
9.920000	0.000000012
9.930000	0.000000036
9.940000	0.000000083
9.950000	0.000000000
9.960000	0.000000000
9.970000	0.000000000
9.980000	0.000000012
9.990000	0.000000000
10.000000	0.000000012
10.010000	0.000000000
10.020000	0.000000024
10.030000	0.000000012
10.040000	0.000000024
10.050000	0.000000012
10.060000	0.000000012
10.070000	0.000000000
10.080000	0.000000012
10.090000	0.000000000
10.100000	0.000000000
10.110000	0.000000012
10.120000	0.000000012
10.130000	0.000000000
10.140000	0.000000012
10.150000	0.000000012
10.160000	0.000000012
10.170000	0.000000000
10.180000	0.000000012
10.190000	0.000000000
10.200000	0.000000036
10.210000	0.000000000
10.220000	0.000000000
10.230000	0.000000000
10.240000	0.000000036
10.250000	0.000000012
10.260000	0.000000000
10.270000	0.000000000
10.280000	0.000000000
10.290000	0.000000000
10.300000	0.000000012
10.310000	0.000000012
10.320000	0.000000000
10.330000	0.000000000
10.340000	0.000000000
10.350000	0.000000000
10.360000	0.000000000
10.370000	0.000000000
10.380000	0.000000000
10.390000	0.000000012
10.400000	0.000000000
10.410000	0.000000000
10.420000	0.000000024
10.430000	0.000000000
10.440000	0.000000000
10.450000	0.000000000
10.460000	0.000000000
10.470000	0.000000000
10.480000	0.000000000
10.490000	0.000000000
10.500000	0.000000000
10.510000	0.000000000
10.520000	0.000000000
10.530000	0.000000000
10.540000	0.000000000
10.550000	0.000000000
10.560000	0.000000000
10.570000	0.000000000
10.580000	0.000000000
10.590000	0.000000000
10.600000	0.000000000
10.610000	0.000000000
10.620000	0.000000000
10.630000	0.000000000
10.640000	0.000000000
10.650000	0.000000000
10.660000	0.000000000
10.670000	0.000000000
10.680000	0.000000000
10.690000	0.000000000
10.700000	0.000000000
10.710000	0.000000000
10.720000	0.000000000
10.730000	0.000000000
10.740000	0.000000000
10.750000	0.000000000
10.760000	0.000000000
10.770000	0.000000000
10.780000	0.000000000
10.790000	0.000000000
10.800000	0.000000000
10.810000	0.000000000
10.820000	0.000000000
10.830000	0.000000000
10.840000	0.000000000
10.850000	0.000000000
10.860000	0.000000000
10.870000	0.000000000
10.880000	0.000000000
10.890000	0.000000000
10.900000	0.000000000
10.910000	0.000000000
10.920000	0.000000000
10.930000	0.000000000
10.940000	0.000000000
10.950000	0.000000000
10.960000	0.000000000
10.970000	0.000000000
10.980000	0.000000000
10.990000	0.000000000
11.000000	0.000000000
11.010000	0.000000000
11.020000	0.000000000
11.030000	0.000000000
11.040000	0.000000000
11.050000	0.000000000
11.060000	0.000000000
11.070000	0.000000000
11.080000	0.000000000
11.090000	0.000000000
11.100000	0.000000000
11.110000	0.000000000
11.120000	0.000000000
11.130000	0.000000000
11.140000	0.000000000
11.150000	0.000000000
11.160000	0.000000000
11.170000	0.000000000
11.180000	0.000000000
11.190000	0.000000000
11.200000	0.000000000
11.210000	0.000000000
11.220000	0.000000000
11.230000	0.000000000
11.240000	0.000000000
11.250000	0.000000000
11.260000	0.000000000
11.270000	0.000000000
11.280000	0.000000000
11.290000	0.000000000
11.300000	0.000000000
11.310000	0.000000000
11.320000	0.000000000
11.330000	0.000000000
11.340000	0.000000000
11.350000	0.000000000
11.360000	0.000000000
11.370000	0.000000000
11.380000	0.000000000
11.390000	0.000000000
11.400000	0.000000000
11.410000	0.000000000
11.420000	0.000000000
11.430000	0.000000000
11.440000	0.000000000
11.450000	0.000000000
11.460000	0.000000000
11.470000	0.000000000
11.480000	0.000000000
11.490000	0.000000000
11.500000	0.000000000
11.510000	0.000000000
11.520000	0.000000000
11.530000	0.000000000
11.540000	0.000000000
11.550000	0.000000000
11.560000	0.000000000
11.570000	0.000000000
11.580000	0.000000000
11.590000	0.000000000
11.600000	0.000000000
11.610000	0.000000000
11.620000	0.000000000
11.630000	0.000000000
11.640000	0.000000000
11.650000	0.000000000
11.660000	0.000000000
11.670000	0.000000000
11.680000	0.000000000
11.690000	0.000000000
11.700000	0.000000000
11.710000	0.000000000
11.720000	0.000000000
11.730000	0.000000000
11.740000	0.000000000
11.750000	0.000000000
11.760000	0.000000000
11.770000	0.000000000
11.780000	0.000000000
11.790000	0.000000000
11.800000	0.000000000
11.810000	0.000000000
11.820000	0.000000000
11.830000	0.000000000
11.840000	0.000000000
11.850000	0.000000000
11.860000	0.000000000
11.870000	0.000000000
11.880000	0.000000000
11.890000	0.000000000
11.900000	0.000000000
11.910000	0.000000000
11.920000	0.000000000
11.930000	0.000000000
11.940000	0.000000000
11.950000	0.000000000
11.960000	0.000000000
11.970000	0.000000000
11.980000	0.000000000
11.990000	0.000000000
12.000000	0.000000000
12.010000	0.000000000
12.020000	0.000000000
12.030000	0.000000000
12.040000	0.000000000
12.050000	0.000000000
12.060000	0.000000000
12.070000	0.000000000
12.080000	0.000000000
12.090000	0.000000000
12.100000	0.000000000
12.110000	0.000000000
12.120000	0.000000000
12.130000	0.000000000
12.140000	0.000000000
12.150000	0.000000000
12.160000	0.000000000
12.170000	0.000000000
12.180000	0.000000000
12.190000	0.000000000
12.200000	0.000000000
12.210000	0.000000000
12.220000	0.000000000
12.230000	0.000000000
12.240000	0.000000000
12.250000	0.000000000
12.260000	0.000000000
12.270000	0.000000000
12.280000	0.000000000
12.290000	0.000000000
12.300000	0.000000000
12.310000	0.000000000
12.320000	0.000000000
12.330000	0.000000000
12.340000	0.000000000
12.350000	0.000000000
12.360000	0.000000000
12.370000	0.000000000
12.380000	0.000000000
12.390000	0.000000000
12.400000	0.000000000
12.410000	0.000000000
12.420000	0.000000000
12.430000	0.000000000
12.440000	0.000000000
12.450000	0.000000000
12.460000	0.000000000
12.470000	0.000000000
12.480000	0.000000000
12.490000	0.000000000
12.500000	0.000000000
12.510000	0.000000000
12.520000	0.000000000
12.530000	0.000000000
12.540000	0.000000000
12.550000	0.000000000
12.560000	0.000000000
12.570000	0.000000000
12.580000	0.000000000
12.590000	0.000000000
12.600000	0.000000000
12.610000	0.000000000
12.620000	0.000000000
12.630000	0.000000000
12.640000	0.000000000
12.650000	0.000000000
12.660000	0.000000000
12.670000	0.000000000
12.680000	0.000000000
12.690000	0.000000000
12.700000	0.000000000
12.710000	0.000000000
12.720000	0.000000000
12.730000	0.000000000
12.740000	0.000000000
12.750000	0.000000000
12.760000	0.000000000
12.770000	0.000000000
12.780000	0.000000000
12.790000	0.000000000
12.800000	0.000000000
12.810000	0.000000000
12.820000	0.000000000
12.830000	0.000000000
12.840000	0.000000000
12.850000	0.000000000
12.860000	0.000000000
12.870000	0.000000000
12.880000	0.000000000
12.890000	0.000000000
12.900000	0.000000000
12.910000	0.000000000
12.920000	0.000000000
12.930000	0.000000000
12.940000	0.000000000
12.950000	0.000000000
12.960000	0.000000000
12.970000	0.000000000
12.980000	0.000000000
12.990000	0.000000000
13.000000	0.000000000
13.010000	0.000000000
13.020000	0.000000000
13.030000	0.000000000
13.040000	0.000000000
13.050000	0.000000000
13.060000	0.000000000
13.070000	0.000000000
13.080000	0.000000000
13.090000	0.000000000
13.100000	0.000000000
13.110000	0.000000000
13.120000	0.000000000
13.130000	0.000000000
13.140000	0.000000000
13.150000	0.000000000
13.160000	0.000000000
13.170000	0.000000000
13.180000	0.000000000
13.190000	0.000000000
13.200000	0.000000000
13.210000	0.000000000
13.220000	0.000000000
13.230000	0.000000000
13.240000	0.000000000
13.250000	0.000000000
13.260000	0.000000000
13.270000	0.000000000
13.280000	0.000000000
13.290000	0.000000000
13.300000	0.000000000
13.310000	0.000000000
13.320000	0.000000000
13.330000	0.000000000
13.340000	0.000000000
13.350000	0.000000000
13.360000	0.000000000
13.370000	0.000000000
13.380000	0.000000000
13.390000	0.000000000
13.400000	0.000000000
13.410000	0.000000000
13.420000	0.000000000
13.430000	0.000000000
13.440000	0.000000000
13.450000	0.000000000
13.460000	0.000000000
13.470000	0.000000000
13.480000	0.000000000
13.490000	0.000000000
13.500000	0.000000000
13.510000	0.000000000
13.520000	0.000000000
13.530000	0.000000000
13.540000	0.000000000
13.550000	0.000000000
13.560000	0.000000000
13.570000	0.000000000
13.580000	0.000000000
13.590000	0.000000000
13.600000	0.000000000
13.610000	0.000000000
13.620000	0.000000000
13.630000	0.000000000
13.640000	0.000000000
13.650000	0.000000000
13.660000	0.000000000
13.670000	0.000000000
13.680000	0.000000000
13.690000	0.000000000
13.700000	0.000000000
13.710000	0.000000000
13.720000	0.000000000
13.730000	0.000000000
13.740000	0.000000000
13.750000	0.000000000
13.760000	0.000000000
13.770000	0.000000000
13.780000	0.000000000
13.790000	0.000000000
13.800000	0.000000000
13.810000	0.000000000
13.820000	0.000000000
13.830000	0.000000000
13.840000	0.000000000
13.850000	0.000000000
13.860000	0.000000000
13.870000	0.000000000
13.880000	0.000000000
13.890000	0.000000000
13.900000	0.000000000
13.910000	0.000000000
13.920000	0.000000000
13.930000	0.000000000
13.940000	0.000000000
13.950000	0.000000000
13.960000	0.000000000
13.970000	0.000000000
13.980000	0.000000000
13.990000	0.000000000
14.000000	0.000000000
14.010000	0.000000000
14.020000	0.000000000
14.030000	0.000000000
14.040000	0.000000000
14.050000	0.000000000
14.060000	0.000000000
14.070000	0.000000000
14.080000	0.000000000
14.090000	0.000000000
14.100000	0.000000000
14.110000	0.000000000
14.120000	0.000000000
14.130000	0.000000000
14.140000	0.000000000
14.150000	0.000000000
14.160000	0.000000000
14.170000	0.000000000
14.180000	0.000000000
14.190000	0.000000000
14.200000	0.000000000
14.210000	0.000000000
14.220000	0.000000000
14.230000	0.000000000
14.240000	0.000000000
14.250000	0.000000000
14.260000	0.000000000
14.270000	0.000000000
14.280000	0.000000000
14.290000	0.000000000
14.300000	0.000000000
14.310000	0.000000000
14.320000	0.000000000
14.330000	0.000000000
14.340000	0.000000000
14.350000	0.000000000
14.360000	0.000000000
14.370000	0.000000000
14.380000	0.000000000
14.390000	0.000000000
14.400000	0.000000000
14.410000	0.000000000
14.420000	0.000000000
14.430000	0.000000000
14.440000	0.000000000
14.450000	0.000000000
14.460000	0.000000000
14.470000	0.000000000
14.480000	0.000000000
14.490000	0.000000000
14.500000	0.000000000
14.510000	0.000000000
14.520000	0.000000000
14.530000	0.000000000
14.540000	0.000000000
14.550000	0.000000000
14.560000	0.000000000
14.570000	0.000000000
14.580000	0.000000000
14.590000	0.000000000
14.600000	0.000000000
14.610000	0.000000000
14.620000	0.000000000
14.630000	0.000000000
14.640000	0.000000000
14.650000	0.000000000
14.660000	0.000000000
14.670000	0.000000000
14.680000	0.000000000
14.690000	0.000000000
14.700000	0.000000000
14.710000	0.000000000
14.720000	0.000000000
14.730000	0.000000000
14.740000	0.000000000
14.750000	0.000000000
14.760000	0.000000000
14.770000	0.000000000
14.780000	0.000000000
14.790000	0.000000000
14.800000	0.000000000
14.810000	0.000000000
14.820000	0.000000000
14.830000	0.000000000
14.840000	0.000000000
14.850000	0.000000000
14.860000	0.000000000
14.870000	0.000000000
14.880000	0.000000000
14.890000	0.000000000
14.900000	0.000000000
14.910000	0.000000000
14.920000	0.000000000
14.930000	0.000000000
14.940000	0.000000000
14.950000	0.000000000
14.960000	0.000000000
14.970000	0.000000000
14.980000	0.000000000
14.990000	0.000000000
